                * mem4ristor v2.6 - behavioral model validation
                Transient Analysis  Sat Jan 31 15:26:43  2026
--------------------------------------------------------------------------------
Index   time            v(v_node)       v(w_node)       
--------------------------------------------------------------------------------
0	1.000000e-03	-9.99415e-01	2.395474e-05	
1	2.000000e-03	-9.98831e-01	4.786429e-05	
2	4.000000e-03	-9.97665e-01	9.559315e-05	
3	8.000000e-03	-9.95343e-01	1.905110e-04	
4	1.600000e-02	-9.90740e-01	3.782029e-04	
5	3.200000e-02	-9.81696e-01	7.451368e-04	
6	6.400000e-02	-9.64233e-01	1.446170e-03	
7	1.000000e-01	-9.45536e-01	2.184420e-03	
8	1.064000e-01	-9.42326e-01	2.309437e-03	
9	1.192000e-01	-9.35964e-01	2.556314e-03	
10	1.448000e-01	-9.23581e-01	3.031466e-03	
11	1.960000e-01	-9.00105e-01	3.910549e-03	
12	2.960000e-01	-8.58730e-01	5.375607e-03	
13	3.960000e-01	-8.22550e-01	6.538855e-03	
14	4.960000e-01	-7.90755e-01	7.436799e-03	
15	5.960000e-01	-7.62732e-01	8.100466e-03	
16	6.960000e-01	-7.37973e-01	8.556587e-03	
17	7.960000e-01	-7.16057e-01	8.828339e-03	
18	8.960000e-01	-6.96629e-01	8.935927e-03	
19	9.960000e-01	-6.79386e-01	8.897051e-03	
20	1.096000e+00	-6.64071e-01	8.727278e-03	
21	1.196000e+00	-6.50463e-01	8.440352e-03	
22	1.296000e+00	-6.38369e-01	8.048446e-03	
23	1.396000e+00	-6.27623e-01	7.562368e-03	
24	1.496000e+00	-6.18078e-01	6.991742e-03	
25	1.596000e+00	-6.09606e-01	6.345153e-03	
26	1.696000e+00	-6.02094e-01	5.630275e-03	
27	1.796000e+00	-5.95444e-01	4.853979e-03	
28	1.896000e+00	-5.89566e-01	4.022425e-03	
29	1.996000e+00	-5.84383e-01	3.141144e-03	
30	2.096000e+00	-5.79823e-01	2.215109e-03	
31	2.196000e+00	-5.75826e-01	1.248791e-03	
32	2.296000e+00	-5.72335e-01	2.462190e-04	
33	2.396000e+00	-5.69300e-01	-7.88977e-04	
34	2.496000e+00	-5.66677e-01	-1.85352e-03	
35	2.596000e+00	-5.64426e-01	-2.94447e-03	
36	2.696000e+00	-5.62509e-01	-4.05914e-03	
37	2.796000e+00	-5.60896e-01	-5.19513e-03	
38	2.896000e+00	-5.59556e-01	-6.35027e-03	
39	2.996000e+00	-5.58464e-01	-7.52258e-03	
40	3.096000e+00	-5.57595e-01	-8.71029e-03	
41	3.196000e+00	-5.56928e-01	-9.91178e-03	
42	3.296000e+00	-5.56444e-01	-1.11256e-02	
43	3.396000e+00	-5.56125e-01	-1.23505e-02	
44	3.496000e+00	-5.55955e-01	-1.35851e-02	
45	3.596000e+00	-5.55919e-01	-1.48286e-02	
46	3.696000e+00	-5.56006e-01	-1.60798e-02	
47	3.796000e+00	-5.56203e-01	-1.73379e-02	
48	3.896000e+00	-5.56500e-01	-1.86021e-02	
49	3.996000e+00	-5.56887e-01	-1.98716e-02	
50	4.096000e+00	-5.57355e-01	-2.11459e-02	
51	4.196000e+00	-5.57896e-01	-2.24243e-02	
52	4.296000e+00	-5.58504e-01	-2.37064e-02	
53	4.396000e+00	-5.59171e-01	-2.49915e-02	
54	4.496000e+00	-5.59892e-01	-2.62793e-02	

Index   time            v(v_node)       v(w_node)       
--------------------------------------------------------------------------------
55	4.596000e+00	-5.60662e-01	-2.75694e-02	
56	4.696000e+00	-5.61476e-01	-2.88614e-02	
57	4.796000e+00	-5.62329e-01	-3.01551e-02	
58	4.896000e+00	-5.63218e-01	-3.14500e-02	
59	4.996000e+00	-5.64138e-01	-3.27460e-02	
60	5.096000e+00	-5.65088e-01	-3.40428e-02	
61	5.196000e+00	-5.66063e-01	-3.53403e-02	
62	5.296000e+00	-5.67061e-01	-3.66381e-02	
63	5.396000e+00	-5.68079e-01	-3.79362e-02	
64	5.496000e+00	-5.69116e-01	-3.92343e-02	
65	5.596000e+00	-5.70170e-01	-4.05325e-02	
66	5.696000e+00	-5.71238e-01	-4.18304e-02	
67	5.796000e+00	-5.72320e-01	-4.31280e-02	
68	5.896000e+00	-5.73413e-01	-4.44253e-02	
69	5.996000e+00	-5.74516e-01	-4.57220e-02	
70	6.096000e+00	-5.75628e-01	-4.70182e-02	
71	6.196000e+00	-5.76749e-01	-4.83138e-02	
72	6.296000e+00	-5.77876e-01	-4.96086e-02	
73	6.396000e+00	-5.79009e-01	-5.09027e-02	
74	6.496000e+00	-5.80148e-01	-5.21960e-02	
75	6.596000e+00	-5.81291e-01	-5.34884e-02	
76	6.696000e+00	-5.82439e-01	-5.47800e-02	
77	6.796000e+00	-5.83589e-01	-5.60706e-02	
78	6.896000e+00	-5.84743e-01	-5.73602e-02	
79	6.996000e+00	-5.85898e-01	-5.86489e-02	
80	7.096000e+00	-5.87056e-01	-5.99366e-02	
81	7.196000e+00	-5.88215e-01	-6.12232e-02	
82	7.296000e+00	-5.89375e-01	-6.25088e-02	
83	7.396000e+00	-5.90536e-01	-6.37933e-02	
84	7.496000e+00	-5.91697e-01	-6.50767e-02	
85	7.596000e+00	-5.92859e-01	-6.63591e-02	
86	7.696000e+00	-5.94021e-01	-6.76404e-02	
87	7.796000e+00	-5.95182e-01	-6.89206e-02	
88	7.896000e+00	-5.96343e-01	-7.01997e-02	
89	7.996000e+00	-5.97504e-01	-7.14776e-02	
90	8.096000e+00	-5.98663e-01	-7.27545e-02	
91	8.196000e+00	-5.99822e-01	-7.40303e-02	
92	8.296000e+00	-6.00980e-01	-7.53049e-02	
93	8.396000e+00	-6.02137e-01	-7.65785e-02	
94	8.496000e+00	-6.03293e-01	-7.78510e-02	
95	8.596000e+00	-6.04448e-01	-7.91223e-02	
96	8.696000e+00	-6.05601e-01	-8.03926e-02	
97	8.796000e+00	-6.06753e-01	-8.16617e-02	
98	8.896000e+00	-6.07903e-01	-8.29298e-02	
99	8.996000e+00	-6.09052e-01	-8.41968e-02	
100	9.096000e+00	-6.10199e-01	-8.54627e-02	
101	9.196000e+00	-6.11344e-01	-8.67275e-02	
102	9.296000e+00	-6.12488e-01	-8.79913e-02	
103	9.396000e+00	-6.13631e-01	-8.92540e-02	
104	9.496000e+00	-6.14771e-01	-9.05157e-02	
105	9.596000e+00	-6.15910e-01	-9.17763e-02	
106	9.696000e+00	-6.17047e-01	-9.30358e-02	
107	9.796000e+00	-6.18182e-01	-9.42944e-02	
108	9.896000e+00	-6.19316e-01	-9.55519e-02	
109	9.996000e+00	-6.20448e-01	-9.68084e-02	
110	1.009600e+01	-6.21578e-01	-9.80639e-02	
111	1.019600e+01	-6.22706e-01	-9.93184e-02	
112	1.029600e+01	-6.23832e-01	-1.00572e-01	

Index   time            v(v_node)       v(w_node)       
--------------------------------------------------------------------------------
113	1.039600e+01	-6.24956e-01	-1.01824e-01	
114	1.049600e+01	-6.26079e-01	-1.03076e-01	
115	1.059600e+01	-6.27200e-01	-1.04327e-01	
116	1.069600e+01	-6.28319e-01	-1.05576e-01	
117	1.079600e+01	-6.29436e-01	-1.06825e-01	
118	1.089600e+01	-6.30552e-01	-1.08072e-01	
119	1.099600e+01	-6.31665e-01	-1.09319e-01	
120	1.109600e+01	-6.32777e-01	-1.10565e-01	
121	1.119600e+01	-6.33887e-01	-1.11810e-01	
122	1.129600e+01	-6.34995e-01	-1.13054e-01	
123	1.139600e+01	-6.36102e-01	-1.14297e-01	
124	1.149600e+01	-6.37206e-01	-1.15539e-01	
125	1.159600e+01	-6.38309e-01	-1.16781e-01	
126	1.169600e+01	-6.39410e-01	-1.18021e-01	
127	1.179600e+01	-6.40510e-01	-1.19261e-01	
128	1.189600e+01	-6.41607e-01	-1.20500e-01	
129	1.199600e+01	-6.42703e-01	-1.21738e-01	
130	1.209600e+01	-6.43797e-01	-1.22975e-01	
131	1.219600e+01	-6.44890e-01	-1.24211e-01	
132	1.229600e+01	-6.45980e-01	-1.25446e-01	
133	1.239600e+01	-6.47069e-01	-1.26681e-01	
134	1.249600e+01	-6.48156e-01	-1.27915e-01	
135	1.259600e+01	-6.49242e-01	-1.29148e-01	
136	1.269600e+01	-6.50326e-01	-1.30380e-01	
137	1.279600e+01	-6.51408e-01	-1.31611e-01	
138	1.289600e+01	-6.52489e-01	-1.32842e-01	
139	1.299600e+01	-6.53568e-01	-1.34072e-01	
140	1.309600e+01	-6.54645e-01	-1.35301e-01	
141	1.319600e+01	-6.55720e-01	-1.36530e-01	
142	1.329600e+01	-6.56794e-01	-1.37757e-01	
143	1.339600e+01	-6.57867e-01	-1.38984e-01	
144	1.349600e+01	-6.58938e-01	-1.40210e-01	
145	1.359600e+01	-6.60007e-01	-1.41436e-01	
146	1.369600e+01	-6.61074e-01	-1.42661e-01	
147	1.379600e+01	-6.62140e-01	-1.43885e-01	
148	1.389600e+01	-6.63205e-01	-1.45108e-01	
149	1.399600e+01	-6.64268e-01	-1.46331e-01	
150	1.409600e+01	-6.65329e-01	-1.47553e-01	
151	1.419600e+01	-6.66389e-01	-1.48774e-01	
152	1.429600e+01	-6.67447e-01	-1.49995e-01	
153	1.439600e+01	-6.68504e-01	-1.51215e-01	
154	1.449600e+01	-6.69559e-01	-1.52434e-01	
155	1.459600e+01	-6.70613e-01	-1.53653e-01	
156	1.469600e+01	-6.71665e-01	-1.54871e-01	
157	1.479600e+01	-6.72716e-01	-1.56089e-01	
158	1.489600e+01	-6.73765e-01	-1.57306e-01	
159	1.499600e+01	-6.74813e-01	-1.58522e-01	
160	1.509600e+01	-6.75860e-01	-1.59738e-01	
161	1.519600e+01	-6.76905e-01	-1.60953e-01	
162	1.529600e+01	-6.77948e-01	-1.62168e-01	
163	1.539600e+01	-6.78991e-01	-1.63382e-01	
164	1.549600e+01	-6.80031e-01	-1.64595e-01	
165	1.559600e+01	-6.81071e-01	-1.65808e-01	
166	1.569600e+01	-6.82109e-01	-1.67020e-01	
167	1.579600e+01	-6.83145e-01	-1.68232e-01	
168	1.589600e+01	-6.84180e-01	-1.69443e-01	
169	1.599600e+01	-6.85214e-01	-1.70654e-01	
170	1.609600e+01	-6.86247e-01	-1.71864e-01	

Index   time            v(v_node)       v(w_node)       
--------------------------------------------------------------------------------
171	1.619600e+01	-6.87278e-01	-1.73074e-01	
172	1.629600e+01	-6.88307e-01	-1.74283e-01	
173	1.639600e+01	-6.89336e-01	-1.75492e-01	
174	1.649600e+01	-6.90363e-01	-1.76700e-01	
175	1.659600e+01	-6.91389e-01	-1.77908e-01	
176	1.669600e+01	-6.92413e-01	-1.79115e-01	
177	1.679600e+01	-6.93436e-01	-1.80322e-01	
178	1.689600e+01	-6.94458e-01	-1.81528e-01	
179	1.699600e+01	-6.95479e-01	-1.82734e-01	
180	1.709600e+01	-6.96498e-01	-1.83940e-01	
181	1.719600e+01	-6.97516e-01	-1.85145e-01	
182	1.729600e+01	-6.98533e-01	-1.86349e-01	
183	1.739600e+01	-6.99549e-01	-1.87553e-01	
184	1.749600e+01	-7.00563e-01	-1.88757e-01	
185	1.759600e+01	-7.01576e-01	-1.89961e-01	
186	1.769600e+01	-7.02588e-01	-1.91163e-01	
187	1.779600e+01	-7.03599e-01	-1.92366e-01	
188	1.789600e+01	-7.04609e-01	-1.93568e-01	
189	1.799600e+01	-7.05617e-01	-1.94770e-01	
190	1.809600e+01	-7.06624e-01	-1.95971e-01	
191	1.819600e+01	-7.07630e-01	-1.97172e-01	
192	1.829600e+01	-7.08635e-01	-1.98373e-01	
193	1.839600e+01	-7.09638e-01	-1.99573e-01	
194	1.849600e+01	-7.10641e-01	-2.00773e-01	
195	1.859600e+01	-7.11642e-01	-2.01973e-01	
196	1.869600e+01	-7.12642e-01	-2.03172e-01	
197	1.879600e+01	-7.13641e-01	-2.04371e-01	
198	1.889600e+01	-7.14639e-01	-2.05570e-01	
199	1.899600e+01	-7.15636e-01	-2.06769e-01	
200	1.909600e+01	-7.16632e-01	-2.07967e-01	
201	1.919600e+01	-7.17626e-01	-2.09164e-01	
202	1.929600e+01	-7.18620e-01	-2.10362e-01	
203	1.939600e+01	-7.19612e-01	-2.11559e-01	
204	1.949600e+01	-7.20603e-01	-2.12756e-01	
205	1.959600e+01	-7.21594e-01	-2.13953e-01	
206	1.969600e+01	-7.22583e-01	-2.15149e-01	
207	1.979600e+01	-7.23571e-01	-2.16345e-01	
208	1.989600e+01	-7.24558e-01	-2.17541e-01	
209	1.999600e+01	-7.25544e-01	-2.18737e-01	
210	2.009600e+01	-7.26529e-01	-2.19932e-01	
211	2.019600e+01	-7.27513e-01	-2.21128e-01	
212	2.029600e+01	-7.28496e-01	-2.22323e-01	
213	2.039600e+01	-7.29478e-01	-2.23517e-01	
214	2.049600e+01	-7.30459e-01	-2.24712e-01	
215	2.059600e+01	-7.31439e-01	-2.25906e-01	
216	2.069600e+01	-7.32418e-01	-2.27101e-01	
217	2.079600e+01	-7.33396e-01	-2.28295e-01	
218	2.089600e+01	-7.34373e-01	-2.29488e-01	
219	2.099600e+01	-7.35349e-01	-2.30682e-01	
220	2.109600e+01	-7.36324e-01	-2.31876e-01	
221	2.119600e+01	-7.37299e-01	-2.33069e-01	
222	2.129600e+01	-7.38272e-01	-2.34262e-01	
223	2.139600e+01	-7.39244e-01	-2.35455e-01	
224	2.149600e+01	-7.40215e-01	-2.36648e-01	
225	2.159600e+01	-7.41186e-01	-2.37841e-01	
226	2.169600e+01	-7.42155e-01	-2.39033e-01	
227	2.179600e+01	-7.43124e-01	-2.40226e-01	
228	2.189600e+01	-7.44092e-01	-2.41418e-01	

Index   time            v(v_node)       v(w_node)       
--------------------------------------------------------------------------------
229	2.199600e+01	-7.45058e-01	-2.42611e-01	
230	2.209600e+01	-7.46024e-01	-2.43803e-01	
231	2.219600e+01	-7.46989e-01	-2.44995e-01	
232	2.229600e+01	-7.47953e-01	-2.46187e-01	
233	2.239600e+01	-7.48917e-01	-2.47379e-01	
234	2.249600e+01	-7.49879e-01	-2.48571e-01	
235	2.259600e+01	-7.50840e-01	-2.49762e-01	
236	2.269600e+01	-7.51801e-01	-2.50954e-01	
237	2.279600e+01	-7.52761e-01	-2.52146e-01	
238	2.289600e+01	-7.53720e-01	-2.53337e-01	
239	2.299600e+01	-7.54678e-01	-2.54529e-01	
240	2.309600e+01	-7.55635e-01	-2.55721e-01	
241	2.319600e+01	-7.56592e-01	-2.56912e-01	
242	2.329600e+01	-7.57548e-01	-2.58104e-01	
243	2.339600e+01	-7.58503e-01	-2.59295e-01	
244	2.349600e+01	-7.59457e-01	-2.60486e-01	
245	2.359600e+01	-7.60410e-01	-2.61678e-01	
246	2.369600e+01	-7.61362e-01	-2.62869e-01	
247	2.379600e+01	-7.62314e-01	-2.64061e-01	
248	2.389600e+01	-7.63265e-01	-2.65252e-01	
249	2.399600e+01	-7.64215e-01	-2.66444e-01	
250	2.409600e+01	-7.65165e-01	-2.67635e-01	
251	2.419600e+01	-7.66113e-01	-2.68827e-01	
252	2.429600e+01	-7.67061e-01	-2.70019e-01	
253	2.439600e+01	-7.68008e-01	-2.71210e-01	
254	2.449600e+01	-7.68955e-01	-2.72402e-01	
255	2.459600e+01	-7.69900e-01	-2.73594e-01	
256	2.469600e+01	-7.70845e-01	-2.74786e-01	
257	2.479600e+01	-7.71790e-01	-2.75977e-01	
258	2.489600e+01	-7.72733e-01	-2.77169e-01	
259	2.499600e+01	-7.73676e-01	-2.78361e-01	
260	2.509600e+01	-7.74618e-01	-2.79554e-01	
261	2.519600e+01	-7.75560e-01	-2.80746e-01	
262	2.529600e+01	-7.76500e-01	-2.81938e-01	
263	2.539600e+01	-7.77440e-01	-2.83131e-01	
264	2.549600e+01	-7.78380e-01	-2.84323e-01	
265	2.559600e+01	-7.79318e-01	-2.85516e-01	
266	2.569600e+01	-7.80256e-01	-2.86709e-01	
267	2.579600e+01	-7.81194e-01	-2.87902e-01	
268	2.589600e+01	-7.82130e-01	-2.89095e-01	
269	2.599600e+01	-7.83067e-01	-2.90288e-01	
270	2.609600e+01	-7.84002e-01	-2.91481e-01	
271	2.619600e+01	-7.84937e-01	-2.92675e-01	
272	2.629600e+01	-7.85871e-01	-2.93869e-01	
273	2.639600e+01	-7.86804e-01	-2.95063e-01	
274	2.649600e+01	-7.87737e-01	-2.96257e-01	
275	2.659600e+01	-7.88669e-01	-2.97451e-01	
276	2.669600e+01	-7.89601e-01	-2.98645e-01	
277	2.679600e+01	-7.90532e-01	-2.99840e-01	
278	2.689600e+01	-7.91463e-01	-3.01035e-01	
279	2.699600e+01	-7.92393e-01	-3.02230e-01	
280	2.709600e+01	-7.93322e-01	-3.03425e-01	
281	2.719600e+01	-7.94250e-01	-3.04620e-01	
282	2.729600e+01	-7.95179e-01	-3.05816e-01	
283	2.739600e+01	-7.96106e-01	-3.07012e-01	
284	2.749600e+01	-7.97033e-01	-3.08208e-01	
285	2.759600e+01	-7.97959e-01	-3.09405e-01	
286	2.769600e+01	-7.98885e-01	-3.10601e-01	

Index   time            v(v_node)       v(w_node)       
--------------------------------------------------------------------------------
287	2.779600e+01	-7.99811e-01	-3.11798e-01	
288	2.789600e+01	-8.00735e-01	-3.12995e-01	
289	2.799600e+01	-8.01660e-01	-3.14193e-01	
290	2.809600e+01	-8.02583e-01	-3.15390e-01	
291	2.819600e+01	-8.03506e-01	-3.16588e-01	
292	2.829600e+01	-8.04429e-01	-3.17787e-01	
293	2.839600e+01	-8.05351e-01	-3.18985e-01	
294	2.849600e+01	-8.06273e-01	-3.20184e-01	
295	2.859600e+01	-8.07194e-01	-3.21383e-01	
296	2.869600e+01	-8.08114e-01	-3.22583e-01	
297	2.879600e+01	-8.09035e-01	-3.23782e-01	
298	2.889600e+01	-8.09954e-01	-3.24982e-01	
299	2.899600e+01	-8.10873e-01	-3.26183e-01	
300	2.909600e+01	-8.11792e-01	-3.27384e-01	
301	2.919600e+01	-8.12710e-01	-3.28585e-01	
302	2.929600e+01	-8.13628e-01	-3.29786e-01	
303	2.939600e+01	-8.14545e-01	-3.30988e-01	
304	2.949600e+01	-8.15462e-01	-3.32190e-01	
305	2.959600e+01	-8.16378e-01	-3.33393e-01	
306	2.969600e+01	-8.17294e-01	-3.34596e-01	
307	2.979600e+01	-8.18209e-01	-3.35799e-01	
308	2.989600e+01	-8.19124e-01	-3.37002e-01	
309	2.999600e+01	-8.20039e-01	-3.38206e-01	
310	3.009600e+01	-8.20953e-01	-3.39411e-01	
311	3.019600e+01	-8.21866e-01	-3.40616e-01	
312	3.029600e+01	-8.22779e-01	-3.41821e-01	
313	3.039600e+01	-8.23692e-01	-3.43026e-01	
314	3.049600e+01	-8.24605e-01	-3.44233e-01	
315	3.059600e+01	-8.25517e-01	-3.45439e-01	
316	3.069600e+01	-8.26428e-01	-3.46646e-01	
317	3.079600e+01	-8.27339e-01	-3.47853e-01	
318	3.089600e+01	-8.28250e-01	-3.49061e-01	
319	3.099600e+01	-8.29161e-01	-3.50269e-01	
320	3.109600e+01	-8.30071e-01	-3.51478e-01	
321	3.119600e+01	-8.30980e-01	-3.52687e-01	
322	3.129600e+01	-8.31889e-01	-3.53897e-01	
323	3.139600e+01	-8.32798e-01	-3.55107e-01	
324	3.149600e+01	-8.33707e-01	-3.56317e-01	
325	3.159600e+01	-8.34615e-01	-3.57528e-01	
326	3.169600e+01	-8.35523e-01	-3.58740e-01	
327	3.179600e+01	-8.36430e-01	-3.59952e-01	
328	3.189600e+01	-8.37337e-01	-3.61164e-01	
329	3.199600e+01	-8.38244e-01	-3.62377e-01	
330	3.209600e+01	-8.39151e-01	-3.63591e-01	
331	3.219600e+01	-8.40057e-01	-3.64805e-01	
332	3.229600e+01	-8.40963e-01	-3.66019e-01	
333	3.239600e+01	-8.41868e-01	-3.67234e-01	
334	3.249600e+01	-8.42773e-01	-3.68450e-01	
335	3.259600e+01	-8.43678e-01	-3.69666e-01	
336	3.269600e+01	-8.44583e-01	-3.70883e-01	
337	3.279600e+01	-8.45487e-01	-3.72100e-01	
338	3.289600e+01	-8.46391e-01	-3.73318e-01	
339	3.299600e+01	-8.47294e-01	-3.74536e-01	
340	3.309600e+01	-8.48198e-01	-3.75755e-01	
341	3.319600e+01	-8.49101e-01	-3.76975e-01	
342	3.329600e+01	-8.50003e-01	-3.78195e-01	
343	3.339600e+01	-8.50906e-01	-3.79416e-01	
344	3.349600e+01	-8.51808e-01	-3.80637e-01	

Index   time            v(v_node)       v(w_node)       
--------------------------------------------------------------------------------
345	3.359600e+01	-8.52710e-01	-3.81859e-01	
346	3.369600e+01	-8.53612e-01	-3.83081e-01	
347	3.379600e+01	-8.54513e-01	-3.84305e-01	
348	3.389600e+01	-8.55414e-01	-3.85528e-01	
349	3.399600e+01	-8.56315e-01	-3.86753e-01	
350	3.409600e+01	-8.57216e-01	-3.87978e-01	
351	3.419600e+01	-8.58116e-01	-3.89203e-01	
352	3.429600e+01	-8.59017e-01	-3.90430e-01	
353	3.439600e+01	-8.59917e-01	-3.91657e-01	
354	3.449600e+01	-8.60816e-01	-3.92884e-01	
355	3.459600e+01	-8.61716e-01	-3.94113e-01	
356	3.469600e+01	-8.62615e-01	-3.95341e-01	
357	3.479600e+01	-8.63514e-01	-3.96571e-01	
358	3.489600e+01	-8.64413e-01	-3.97801e-01	
359	3.499600e+01	-8.65312e-01	-3.99032e-01	
360	3.509600e+01	-8.66210e-01	-4.00264e-01	
361	3.519600e+01	-8.67109e-01	-4.01496e-01	
362	3.529600e+01	-8.68007e-01	-4.02729e-01	
363	3.539600e+01	-8.68904e-01	-4.03963e-01	
364	3.549600e+01	-8.69802e-01	-4.05198e-01	
365	3.559600e+01	-8.70700e-01	-4.06433e-01	
366	3.569600e+01	-8.71597e-01	-4.07669e-01	
367	3.579600e+01	-8.72494e-01	-4.08905e-01	
368	3.589600e+01	-8.73391e-01	-4.10143e-01	
369	3.599600e+01	-8.74288e-01	-4.11381e-01	
370	3.609600e+01	-8.75185e-01	-4.12620e-01	
371	3.619600e+01	-8.76081e-01	-4.13860e-01	
372	3.629600e+01	-8.76978e-01	-4.15100e-01	
373	3.639600e+01	-8.77874e-01	-4.16341e-01	
374	3.649600e+01	-8.78770e-01	-4.17583e-01	
375	3.659600e+01	-8.79666e-01	-4.18826e-01	
376	3.669600e+01	-8.80562e-01	-4.20070e-01	
377	3.679600e+01	-8.81458e-01	-4.21314e-01	
378	3.689600e+01	-8.82353e-01	-4.22559e-01	
379	3.699600e+01	-8.83249e-01	-4.23805e-01	
380	3.709600e+01	-8.84144e-01	-4.25052e-01	
381	3.719600e+01	-8.85039e-01	-4.26299e-01	
382	3.729600e+01	-8.85934e-01	-4.27548e-01	
383	3.739600e+01	-8.86829e-01	-4.28797e-01	
384	3.749600e+01	-8.87724e-01	-4.30047e-01	
385	3.759600e+01	-8.88619e-01	-4.31298e-01	
386	3.769600e+01	-8.89514e-01	-4.32550e-01	
387	3.779600e+01	-8.90408e-01	-4.33802e-01	
388	3.789600e+01	-8.91303e-01	-4.35056e-01	
389	3.799600e+01	-8.92197e-01	-4.36310e-01	
390	3.809600e+01	-8.93092e-01	-4.37566e-01	
391	3.819600e+01	-8.93986e-01	-4.38822e-01	
392	3.829600e+01	-8.94880e-01	-4.40079e-01	
393	3.839600e+01	-8.95775e-01	-4.41337e-01	
394	3.849600e+01	-8.96669e-01	-4.42595e-01	
395	3.859600e+01	-8.97563e-01	-4.43855e-01	
396	3.869600e+01	-8.98457e-01	-4.45116e-01	
397	3.879600e+01	-8.99351e-01	-4.46377e-01	
398	3.889600e+01	-9.00245e-01	-4.47640e-01	
399	3.899600e+01	-9.01139e-01	-4.48903e-01	
400	3.909600e+01	-9.02032e-01	-4.50168e-01	
401	3.919600e+01	-9.02926e-01	-4.51433e-01	
402	3.929600e+01	-9.03820e-01	-4.52699e-01	

Index   time            v(v_node)       v(w_node)       
--------------------------------------------------------------------------------
403	3.939600e+01	-9.04714e-01	-4.53966e-01	
404	3.949600e+01	-9.05608e-01	-4.55234e-01	
405	3.959600e+01	-9.06501e-01	-4.56504e-01	
406	3.969600e+01	-9.07395e-01	-4.57774e-01	
407	3.979600e+01	-9.08289e-01	-4.59045e-01	
408	3.989600e+01	-9.09183e-01	-4.60317e-01	
409	3.999600e+01	-9.10076e-01	-4.61590e-01	
410	4.009600e+01	-9.10970e-01	-4.62864e-01	
411	4.019600e+01	-9.11864e-01	-4.64139e-01	
412	4.029600e+01	-9.12758e-01	-4.65415e-01	
413	4.039600e+01	-9.13651e-01	-4.66692e-01	
414	4.049600e+01	-9.14545e-01	-4.67970e-01	
415	4.059600e+01	-9.15439e-01	-4.69250e-01	
416	4.069600e+01	-9.16333e-01	-4.70530e-01	
417	4.079600e+01	-9.17227e-01	-4.71811e-01	
418	4.089600e+01	-9.18121e-01	-4.73093e-01	
419	4.099600e+01	-9.19014e-01	-4.74377e-01	
420	4.109600e+01	-9.19908e-01	-4.75661e-01	
421	4.119600e+01	-9.20802e-01	-4.76947e-01	
422	4.129600e+01	-9.21697e-01	-4.78233e-01	
423	4.139600e+01	-9.22591e-01	-4.79521e-01	
424	4.149600e+01	-9.23485e-01	-4.80810e-01	
425	4.159600e+01	-9.24379e-01	-4.82099e-01	
426	4.169600e+01	-9.25274e-01	-4.83390e-01	
427	4.179600e+01	-9.26168e-01	-4.84682e-01	
428	4.189600e+01	-9.27062e-01	-4.85976e-01	
429	4.199600e+01	-9.27957e-01	-4.87270e-01	
430	4.209600e+01	-9.28852e-01	-4.88565e-01	
431	4.219600e+01	-9.29746e-01	-4.89862e-01	
432	4.229600e+01	-9.30641e-01	-4.91160e-01	
433	4.239600e+01	-9.31536e-01	-4.92459e-01	
434	4.249600e+01	-9.32431e-01	-4.93759e-01	
435	4.259600e+01	-9.33326e-01	-4.95060e-01	
436	4.269600e+01	-9.34221e-01	-4.96362e-01	
437	4.279600e+01	-9.35117e-01	-4.97666e-01	
438	4.289600e+01	-9.36012e-01	-4.98970e-01	
439	4.299600e+01	-9.36908e-01	-5.00276e-01	
440	4.309600e+01	-9.37803e-01	-5.01583e-01	
441	4.319600e+01	-9.38699e-01	-5.02892e-01	
442	4.329600e+01	-9.39595e-01	-5.04201e-01	
443	4.339600e+01	-9.40491e-01	-5.05512e-01	
444	4.349600e+01	-9.41387e-01	-5.06824e-01	
445	4.359600e+01	-9.42284e-01	-5.08137e-01	
446	4.369600e+01	-9.43180e-01	-5.09452e-01	
447	4.379600e+01	-9.44077e-01	-5.10767e-01	
448	4.389600e+01	-9.44974e-01	-5.12084e-01	
449	4.399600e+01	-9.45870e-01	-5.13402e-01	
450	4.409600e+01	-9.46768e-01	-5.14722e-01	
451	4.419600e+01	-9.47665e-01	-5.16043e-01	
452	4.429600e+01	-9.48562e-01	-5.17364e-01	
453	4.439600e+01	-9.49460e-01	-5.18688e-01	
454	4.449600e+01	-9.50358e-01	-5.20012e-01	
455	4.459600e+01	-9.51255e-01	-5.21338e-01	
456	4.469600e+01	-9.52154e-01	-5.22665e-01	
457	4.479600e+01	-9.53052e-01	-5.23994e-01	
458	4.489600e+01	-9.53950e-01	-5.25324e-01	
459	4.499600e+01	-9.54849e-01	-5.26655e-01	
460	4.509600e+01	-9.55748e-01	-5.27987e-01	

Index   time            v(v_node)       v(w_node)       
--------------------------------------------------------------------------------
461	4.519600e+01	-9.56647e-01	-5.29321e-01	
462	4.529600e+01	-9.57546e-01	-5.30656e-01	
463	4.539600e+01	-9.58446e-01	-5.31993e-01	
464	4.549600e+01	-9.59345e-01	-5.33331e-01	
465	4.559600e+01	-9.60245e-01	-5.34670e-01	
466	4.569600e+01	-9.61145e-01	-5.36010e-01	
467	4.579600e+01	-9.62046e-01	-5.37352e-01	
468	4.589600e+01	-9.62946e-01	-5.38696e-01	
469	4.599600e+01	-9.63847e-01	-5.40041e-01	
470	4.609600e+01	-9.64748e-01	-5.41387e-01	
471	4.619600e+01	-9.65649e-01	-5.42734e-01	
472	4.629600e+01	-9.66551e-01	-5.44083e-01	
473	4.639600e+01	-9.67453e-01	-5.45434e-01	
474	4.649600e+01	-9.68355e-01	-5.46786e-01	
475	4.659600e+01	-9.69257e-01	-5.48139e-01	
476	4.669600e+01	-9.70159e-01	-5.49494e-01	
477	4.679600e+01	-9.71062e-01	-5.50850e-01	
478	4.689600e+01	-9.71965e-01	-5.52208e-01	
479	4.699600e+01	-9.72869e-01	-5.53567e-01	
480	4.709600e+01	-9.73772e-01	-5.54927e-01	
481	4.719600e+01	-9.74676e-01	-5.56290e-01	
482	4.729600e+01	-9.75580e-01	-5.57653e-01	
483	4.739600e+01	-9.76485e-01	-5.59018e-01	
484	4.749600e+01	-9.77389e-01	-5.60385e-01	
485	4.759600e+01	-9.78294e-01	-5.61753e-01	
486	4.769600e+01	-9.79199e-01	-5.63123e-01	
487	4.779600e+01	-9.80105e-01	-5.64494e-01	
488	4.789600e+01	-9.81011e-01	-5.65866e-01	
489	4.799600e+01	-9.81917e-01	-5.67241e-01	
490	4.809600e+01	-9.82823e-01	-5.68616e-01	
491	4.819600e+01	-9.83730e-01	-5.69994e-01	
492	4.829600e+01	-9.84637e-01	-5.71373e-01	
493	4.839600e+01	-9.85545e-01	-5.72753e-01	
494	4.849600e+01	-9.86453e-01	-5.74135e-01	
495	4.859600e+01	-9.87361e-01	-5.75519e-01	
496	4.869600e+01	-9.88269e-01	-5.76904e-01	
497	4.879600e+01	-9.89178e-01	-5.78291e-01	
498	4.889600e+01	-9.90087e-01	-5.79679e-01	
499	4.899600e+01	-9.90996e-01	-5.81069e-01	
500	4.909600e+01	-9.91906e-01	-5.82461e-01	
501	4.919600e+01	-9.92816e-01	-5.83854e-01	
502	4.929600e+01	-9.93726e-01	-5.85249e-01	
503	4.939600e+01	-9.94637e-01	-5.86646e-01	
504	4.949600e+01	-9.95548e-01	-5.88044e-01	
505	4.959600e+01	-9.96460e-01	-5.89444e-01	
506	4.969600e+01	-9.97372e-01	-5.90846e-01	
507	4.979600e+01	-9.98284e-01	-5.92249e-01	
508	4.989600e+01	-9.99197e-01	-5.93654e-01	
509	4.999600e+01	-1.00011e+00	-5.95061e-01	
510	5.009600e+01	-1.00102e+00	-5.96469e-01	
511	5.019600e+01	-1.00194e+00	-5.97879e-01	
512	5.029600e+01	-1.00285e+00	-5.99291e-01	
513	5.039600e+01	-1.00377e+00	-6.00705e-01	
514	5.049600e+01	-1.00468e+00	-6.02120e-01	
515	5.059600e+01	-1.00560e+00	-6.03537e-01	
516	5.069600e+01	-1.00651e+00	-6.04956e-01	
517	5.079600e+01	-1.00743e+00	-6.06376e-01	
518	5.089600e+01	-1.00834e+00	-6.07798e-01	

Index   time            v(v_node)       v(w_node)       
--------------------------------------------------------------------------------
519	5.099600e+01	-1.00926e+00	-6.09222e-01	
520	5.109600e+01	-1.01018e+00	-6.10648e-01	
521	5.119600e+01	-1.01110e+00	-6.12076e-01	
522	5.129600e+01	-1.01201e+00	-6.13505e-01	
523	5.139600e+01	-1.01293e+00	-6.14936e-01	
524	5.149600e+01	-1.01385e+00	-6.16369e-01	
525	5.159600e+01	-1.01477e+00	-6.17804e-01	
526	5.169600e+01	-1.01569e+00	-6.19241e-01	
527	5.179600e+01	-1.01661e+00	-6.20680e-01	
528	5.189600e+01	-1.01753e+00	-6.22120e-01	
529	5.199600e+01	-1.01845e+00	-6.23562e-01	
530	5.209600e+01	-1.01938e+00	-6.25006e-01	
531	5.219600e+01	-1.02030e+00	-6.26452e-01	
532	5.229600e+01	-1.02122e+00	-6.27900e-01	
533	5.239600e+01	-1.02214e+00	-6.29350e-01	
534	5.249600e+01	-1.02307e+00	-6.30801e-01	
535	5.259600e+01	-1.02399e+00	-6.32255e-01	
536	5.269600e+01	-1.02492e+00	-6.33710e-01	
537	5.279600e+01	-1.02584e+00	-6.35168e-01	
538	5.289600e+01	-1.02677e+00	-6.36627e-01	
539	5.299600e+01	-1.02769e+00	-6.38088e-01	
540	5.309600e+01	-1.02862e+00	-6.39552e-01	
541	5.319600e+01	-1.02955e+00	-6.41017e-01	
542	5.329600e+01	-1.03047e+00	-6.42484e-01	
543	5.339600e+01	-1.03140e+00	-6.43953e-01	
544	5.349600e+01	-1.03233e+00	-6.45424e-01	
545	5.359600e+01	-1.03326e+00	-6.46897e-01	
546	5.369600e+01	-1.03419e+00	-6.48372e-01	
547	5.379600e+01	-1.03512e+00	-6.49849e-01	
548	5.389600e+01	-1.03605e+00	-6.51328e-01	
549	5.399600e+01	-1.03698e+00	-6.52809e-01	
550	5.409600e+01	-1.03791e+00	-6.54293e-01	
551	5.419600e+01	-1.03884e+00	-6.55778e-01	
552	5.429600e+01	-1.03978e+00	-6.57265e-01	
553	5.439600e+01	-1.04071e+00	-6.58754e-01	
554	5.449600e+01	-1.04164e+00	-6.60246e-01	
555	5.459600e+01	-1.04258e+00	-6.61739e-01	
556	5.469600e+01	-1.04351e+00	-6.63235e-01	
557	5.479600e+01	-1.04445e+00	-6.64732e-01	
558	5.489600e+01	-1.04539e+00	-6.66232e-01	
559	5.499600e+01	-1.04632e+00	-6.67734e-01	
560	5.509600e+01	-1.04726e+00	-6.69238e-01	
561	5.519600e+01	-1.04820e+00	-6.70744e-01	
562	5.529600e+01	-1.04913e+00	-6.72252e-01	
563	5.539600e+01	-1.05007e+00	-6.73763e-01	
564	5.549600e+01	-1.05101e+00	-6.75275e-01	
565	5.559600e+01	-1.05195e+00	-6.76790e-01	
566	5.569600e+01	-1.05289e+00	-6.78307e-01	
567	5.579600e+01	-1.05383e+00	-6.79826e-01	
568	5.589600e+01	-1.05478e+00	-6.81347e-01	
569	5.599600e+01	-1.05572e+00	-6.82871e-01	
570	5.609600e+01	-1.05666e+00	-6.84397e-01	
571	5.619600e+01	-1.05761e+00	-6.85925e-01	
572	5.629600e+01	-1.05855e+00	-6.87455e-01	
573	5.639600e+01	-1.05949e+00	-6.88987e-01	
574	5.649600e+01	-1.06044e+00	-6.90522e-01	
575	5.659600e+01	-1.06139e+00	-6.92059e-01	
576	5.669600e+01	-1.06233e+00	-6.93598e-01	

Index   time            v(v_node)       v(w_node)       
--------------------------------------------------------------------------------
577	5.679600e+01	-1.06328e+00	-6.95140e-01	
578	5.689600e+01	-1.06423e+00	-6.96683e-01	
579	5.699600e+01	-1.06518e+00	-6.98229e-01	
580	5.709600e+01	-1.06613e+00	-6.99778e-01	
581	5.719600e+01	-1.06708e+00	-7.01329e-01	
582	5.729600e+01	-1.06803e+00	-7.02882e-01	
583	5.739600e+01	-1.06898e+00	-7.04437e-01	
584	5.749600e+01	-1.06993e+00	-7.05995e-01	
585	5.759600e+01	-1.07088e+00	-7.07555e-01	
586	5.769600e+01	-1.07183e+00	-7.09117e-01	
587	5.779600e+01	-1.07279e+00	-7.10682e-01	
588	5.789600e+01	-1.07374e+00	-7.12250e-01	
589	5.799600e+01	-1.07470e+00	-7.13819e-01	
590	5.809600e+01	-1.07565e+00	-7.15391e-01	
591	5.819600e+01	-1.07661e+00	-7.16966e-01	
592	5.829600e+01	-1.07757e+00	-7.18543e-01	
593	5.839600e+01	-1.07853e+00	-7.20122e-01	
594	5.849600e+01	-1.07948e+00	-7.21704e-01	
595	5.859600e+01	-1.08044e+00	-7.23288e-01	
596	5.869600e+01	-1.08140e+00	-7.24875e-01	
597	5.879600e+01	-1.08236e+00	-7.26464e-01	
598	5.889600e+01	-1.08333e+00	-7.28056e-01	
599	5.899600e+01	-1.08429e+00	-7.29650e-01	
600	5.909600e+01	-1.08525e+00	-7.31247e-01	
601	5.919600e+01	-1.08621e+00	-7.32846e-01	
602	5.929600e+01	-1.08718e+00	-7.34448e-01	
603	5.939600e+01	-1.08814e+00	-7.36052e-01	
604	5.949600e+01	-1.08911e+00	-7.37659e-01	
605	5.959600e+01	-1.09008e+00	-7.39268e-01	
606	5.969600e+01	-1.09104e+00	-7.40880e-01	
607	5.979600e+01	-1.09201e+00	-7.42495e-01	
608	5.989600e+01	-1.09298e+00	-7.44112e-01	
609	5.999600e+01	-1.09395e+00	-7.45732e-01	
610	6.009600e+01	-1.09492e+00	-7.47354e-01	
611	6.019600e+01	-1.09589e+00	-7.48979e-01	
612	6.029600e+01	-1.09686e+00	-7.50607e-01	
613	6.039600e+01	-1.09784e+00	-7.52237e-01	
614	6.049600e+01	-1.09881e+00	-7.53870e-01	
615	6.059600e+01	-1.09978e+00	-7.55506e-01	
616	6.069600e+01	-1.10076e+00	-7.57144e-01	
617	6.079600e+01	-1.10173e+00	-7.58785e-01	
618	6.089600e+01	-1.10271e+00	-7.60429e-01	
619	6.099600e+01	-1.10369e+00	-7.62075e-01	
620	6.109600e+01	-1.10466e+00	-7.63724e-01	
621	6.119600e+01	-1.10564e+00	-7.65376e-01	
622	6.129600e+01	-1.10662e+00	-7.67031e-01	
623	6.139600e+01	-1.10760e+00	-7.68688e-01	
624	6.149600e+01	-1.10859e+00	-7.70349e-01	
625	6.159600e+01	-1.10957e+00	-7.72011e-01	
626	6.169600e+01	-1.11055e+00	-7.73677e-01	
627	6.179600e+01	-1.11153e+00	-7.75346e-01	
628	6.189600e+01	-1.11252e+00	-7.77017e-01	
629	6.199600e+01	-1.11350e+00	-7.78691e-01	
630	6.209600e+01	-1.11449e+00	-7.80368e-01	
631	6.219600e+01	-1.11548e+00	-7.82048e-01	
632	6.229600e+01	-1.11647e+00	-7.83731e-01	
633	6.239600e+01	-1.11745e+00	-7.85416e-01	
634	6.249600e+01	-1.11844e+00	-7.87105e-01	

Index   time            v(v_node)       v(w_node)       
--------------------------------------------------------------------------------
635	6.259600e+01	-1.11943e+00	-7.88796e-01	
636	6.269600e+01	-1.12043e+00	-7.90491e-01	
637	6.279600e+01	-1.12142e+00	-7.92188e-01	
638	6.289600e+01	-1.12241e+00	-7.93888e-01	
639	6.299600e+01	-1.12340e+00	-7.95591e-01	
640	6.309600e+01	-1.12440e+00	-7.97297e-01	
641	6.319600e+01	-1.12540e+00	-7.99006e-01	
642	6.329600e+01	-1.12639e+00	-8.00718e-01	
643	6.339600e+01	-1.12739e+00	-8.02433e-01	
644	6.349600e+01	-1.12839e+00	-8.04151e-01	
645	6.359600e+01	-1.12939e+00	-8.05872e-01	
646	6.369600e+01	-1.13039e+00	-8.07596e-01	
647	6.379600e+01	-1.13139e+00	-8.09323e-01	
648	6.389600e+01	-1.13239e+00	-8.11053e-01	
649	6.399600e+01	-1.13339e+00	-8.12786e-01	
650	6.409600e+01	-1.13440e+00	-8.14522e-01	
651	6.419600e+01	-1.13540e+00	-8.16262e-01	
652	6.429600e+01	-1.13641e+00	-8.18004e-01	
653	6.439600e+01	-1.13741e+00	-8.19750e-01	
654	6.449600e+01	-1.13842e+00	-8.21498e-01	
655	6.459600e+01	-1.13943e+00	-8.23250e-01	
656	6.469600e+01	-1.14044e+00	-8.25005e-01	
657	6.479600e+01	-1.14145e+00	-8.26763e-01	
658	6.489600e+01	-1.14246e+00	-8.28524e-01	
659	6.499600e+01	-1.14347e+00	-8.30289e-01	
660	6.509600e+01	-1.14449e+00	-8.32057e-01	
661	6.519600e+01	-1.14550e+00	-8.33827e-01	
662	6.529600e+01	-1.14652e+00	-8.35602e-01	
663	6.539600e+01	-1.14753e+00	-8.37379e-01	
664	6.549600e+01	-1.14855e+00	-8.39159e-01	
665	6.559600e+01	-1.14957e+00	-8.40943e-01	
666	6.569600e+01	-1.15059e+00	-8.42730e-01	
667	6.579600e+01	-1.15161e+00	-8.44521e-01	
668	6.589600e+01	-1.15263e+00	-8.46315e-01	
669	6.599600e+01	-1.15365e+00	-8.48112e-01	
670	6.609600e+01	-1.15467e+00	-8.49912e-01	
671	6.619600e+01	-1.15570e+00	-8.51716e-01	
672	6.629600e+01	-1.15672e+00	-8.53523e-01	
673	6.639600e+01	-1.15775e+00	-8.55333e-01	
674	6.649600e+01	-1.15878e+00	-8.57147e-01	
675	6.659600e+01	-1.15980e+00	-8.58964e-01	
676	6.669600e+01	-1.16083e+00	-8.60785e-01	
677	6.679600e+01	-1.16186e+00	-8.62609e-01	
678	6.689600e+01	-1.16289e+00	-8.64437e-01	
679	6.699600e+01	-1.16393e+00	-8.66268e-01	
680	6.709600e+01	-1.16496e+00	-8.68102e-01	
681	6.719600e+01	-1.16599e+00	-8.69940e-01	
682	6.729600e+01	-1.16703e+00	-8.71781e-01	
683	6.739600e+01	-1.16807e+00	-8.73626e-01	
684	6.749600e+01	-1.16910e+00	-8.75475e-01	
685	6.759600e+01	-1.17014e+00	-8.77327e-01	
686	6.769600e+01	-1.17118e+00	-8.79182e-01	
687	6.779600e+01	-1.17222e+00	-8.81041e-01	
688	6.789600e+01	-1.17327e+00	-8.82904e-01	
689	6.799600e+01	-1.17431e+00	-8.84770e-01	
690	6.809600e+01	-1.17535e+00	-8.86640e-01	
691	6.819600e+01	-1.17640e+00	-8.88514e-01	
692	6.829600e+01	-1.17744e+00	-8.90391e-01	

Index   time            v(v_node)       v(w_node)       
--------------------------------------------------------------------------------
693	6.839600e+01	-1.17849e+00	-8.92272e-01	
694	6.849600e+01	-1.17954e+00	-8.94156e-01	
695	6.859600e+01	-1.18059e+00	-8.96044e-01	
696	6.869600e+01	-1.18164e+00	-8.97936e-01	
697	6.879600e+01	-1.18269e+00	-8.99831e-01	
698	6.889600e+01	-1.18375e+00	-9.01731e-01	
699	6.899600e+01	-1.18480e+00	-9.03634e-01	
700	6.909600e+01	-1.18585e+00	-9.05540e-01	
701	6.919600e+01	-1.18691e+00	-9.07451e-01	
702	6.929600e+01	-1.18797e+00	-9.09365e-01	
703	6.939600e+01	-1.18903e+00	-9.11283e-01	
704	6.949600e+01	-1.19009e+00	-9.13205e-01	
705	6.959600e+01	-1.19115e+00	-9.15131e-01	
706	6.969600e+01	-1.19221e+00	-9.17061e-01	
707	6.979600e+01	-1.19327e+00	-9.18994e-01	
708	6.989600e+01	-1.19434e+00	-9.20931e-01	
709	6.999600e+01	-1.19540e+00	-9.22873e-01	
710	7.009600e+01	-1.19647e+00	-9.24818e-01	
711	7.019600e+01	-1.19754e+00	-9.26767e-01	
712	7.029600e+01	-1.19861e+00	-9.28720e-01	
713	7.039600e+01	-1.19968e+00	-9.30677e-01	
714	7.049600e+01	-1.20075e+00	-9.32637e-01	
715	7.059600e+01	-1.20182e+00	-9.34602e-01	
716	7.069600e+01	-1.20290e+00	-9.36571e-01	
717	7.079600e+01	-1.20397e+00	-9.38544e-01	
718	7.089600e+01	-1.20505e+00	-9.40521e-01	
719	7.099600e+01	-1.20613e+00	-9.42502e-01	
720	7.109600e+01	-1.20721e+00	-9.44487e-01	
721	7.119600e+01	-1.20829e+00	-9.46476e-01	
722	7.129600e+01	-1.20937e+00	-9.48469e-01	
723	7.139600e+01	-1.21045e+00	-9.50467e-01	
724	7.149600e+01	-1.21153e+00	-9.52468e-01	
725	7.159600e+01	-1.21262e+00	-9.54474e-01	
726	7.169600e+01	-1.21371e+00	-9.56484e-01	
727	7.179600e+01	-1.21479e+00	-9.58497e-01	
728	7.189600e+01	-1.21588e+00	-9.60516e-01	
729	7.199600e+01	-1.21697e+00	-9.62538e-01	
730	7.209600e+01	-1.21806e+00	-9.64565e-01	
731	7.219600e+01	-1.21916e+00	-9.66595e-01	
732	7.229600e+01	-1.22025e+00	-9.68631e-01	
733	7.239600e+01	-1.22135e+00	-9.70670e-01	
734	7.249600e+01	-1.22244e+00	-9.72714e-01	
735	7.259600e+01	-1.22354e+00	-9.74762e-01	
736	7.269600e+01	-1.22464e+00	-9.76814e-01	
737	7.279600e+01	-1.22574e+00	-9.78871e-01	
738	7.289600e+01	-1.22684e+00	-9.80932e-01	
739	7.299600e+01	-1.22795e+00	-9.82997e-01	
740	7.309600e+01	-1.22905e+00	-9.85067e-01	
741	7.319600e+01	-1.23016e+00	-9.87141e-01	
742	7.329600e+01	-1.23126e+00	-9.89220e-01	
743	7.339600e+01	-1.23237e+00	-9.91303e-01	
744	7.349600e+01	-1.23348e+00	-9.93390e-01	
745	7.359600e+01	-1.23459e+00	-9.95483e-01	
746	7.369600e+01	-1.23571e+00	-9.97579e-01	
747	7.379600e+01	-1.23682e+00	-9.99680e-01	
748	7.389600e+01	-1.23793e+00	-1.00179e+00	
749	7.399600e+01	-1.23905e+00	-1.00390e+00	
750	7.409600e+01	-1.24017e+00	-1.00601e+00	

Index   time            v(v_node)       v(w_node)       
--------------------------------------------------------------------------------
751	7.419600e+01	-1.24129e+00	-1.00813e+00	
752	7.429600e+01	-1.24241e+00	-1.01025e+00	
753	7.439600e+01	-1.24353e+00	-1.01238e+00	
754	7.449600e+01	-1.24466e+00	-1.01452e+00	
755	7.459600e+01	-1.24578e+00	-1.01665e+00	
756	7.469600e+01	-1.24691e+00	-1.01880e+00	
757	7.479600e+01	-1.24803e+00	-1.02094e+00	
758	7.489600e+01	-1.24916e+00	-1.02310e+00	
759	7.499600e+01	-1.25029e+00	-1.02525e+00	
760	7.509600e+01	-1.25143e+00	-1.02742e+00	
761	7.519600e+01	-1.25256e+00	-1.02958e+00	
762	7.529600e+01	-1.25370e+00	-1.03175e+00	
763	7.539600e+01	-1.25483e+00	-1.03393e+00	
764	7.549600e+01	-1.25597e+00	-1.03611e+00	
765	7.559600e+01	-1.25711e+00	-1.03830e+00	
766	7.569600e+01	-1.25825e+00	-1.04049e+00	
767	7.579600e+01	-1.25939e+00	-1.04268e+00	
768	7.589600e+01	-1.26054e+00	-1.04488e+00	
769	7.599600e+01	-1.26168e+00	-1.04709e+00	
770	7.609600e+01	-1.26283e+00	-1.04930e+00	
771	7.619600e+01	-1.26398e+00	-1.05151e+00	
772	7.629600e+01	-1.26513e+00	-1.05373e+00	
773	7.639600e+01	-1.26628e+00	-1.05596e+00	
774	7.649600e+01	-1.26743e+00	-1.05819e+00	
775	7.659600e+01	-1.26858e+00	-1.06043e+00	
776	7.669600e+01	-1.26974e+00	-1.06267e+00	
777	7.679600e+01	-1.27090e+00	-1.06491e+00	
778	7.689600e+01	-1.27205e+00	-1.06716e+00	
779	7.699600e+01	-1.27321e+00	-1.06942e+00	
780	7.709600e+01	-1.27438e+00	-1.07168e+00	
781	7.719600e+01	-1.27554e+00	-1.07395e+00	
782	7.729600e+01	-1.27670e+00	-1.07622e+00	
783	7.739600e+01	-1.27787e+00	-1.07849e+00	
784	7.749600e+01	-1.27904e+00	-1.08078e+00	
785	7.759600e+01	-1.28021e+00	-1.08306e+00	
786	7.769600e+01	-1.28138e+00	-1.08536e+00	
787	7.779600e+01	-1.28255e+00	-1.08765e+00	
788	7.789600e+01	-1.28373e+00	-1.08996e+00	
789	7.799600e+01	-1.28490e+00	-1.09227e+00	
790	7.809600e+01	-1.28608e+00	-1.09458e+00	
791	7.819600e+01	-1.28726e+00	-1.09690e+00	
792	7.829600e+01	-1.28844e+00	-1.09922e+00	
793	7.839600e+01	-1.28962e+00	-1.10155e+00	
794	7.849600e+01	-1.29080e+00	-1.10389e+00	
795	7.859600e+01	-1.29199e+00	-1.10623e+00	
796	7.869600e+01	-1.29318e+00	-1.10858e+00	
797	7.879600e+01	-1.29437e+00	-1.11093e+00	
798	7.889600e+01	-1.29556e+00	-1.11329e+00	
799	7.899600e+01	-1.29675e+00	-1.11565e+00	
800	7.909600e+01	-1.29794e+00	-1.11802e+00	
801	7.919600e+01	-1.29914e+00	-1.12040e+00	
802	7.929600e+01	-1.30033e+00	-1.12278e+00	
803	7.939600e+01	-1.30153e+00	-1.12516e+00	
804	7.949600e+01	-1.30273e+00	-1.12755e+00	
805	7.959600e+01	-1.30393e+00	-1.12995e+00	
806	7.969600e+01	-1.30514e+00	-1.13235e+00	
807	7.979600e+01	-1.30634e+00	-1.13476e+00	
808	7.989600e+01	-1.30755e+00	-1.13718e+00	

Index   time            v(v_node)       v(w_node)       
--------------------------------------------------------------------------------
809	7.999600e+01	-1.30876e+00	-1.13960e+00	
810	8.009600e+01	-1.30997e+00	-1.14202e+00	
811	8.019600e+01	-1.31118e+00	-1.14446e+00	
812	8.029600e+01	-1.31239e+00	-1.14689e+00	
813	8.039600e+01	-1.31361e+00	-1.14934e+00	
814	8.049600e+01	-1.31483e+00	-1.15179e+00	
815	8.059600e+01	-1.31605e+00	-1.15424e+00	
816	8.069600e+01	-1.31727e+00	-1.15671e+00	
817	8.079600e+01	-1.31849e+00	-1.15917e+00	
818	8.089600e+01	-1.31971e+00	-1.16165e+00	
819	8.099600e+01	-1.32094e+00	-1.16413e+00	
820	8.109600e+01	-1.32217e+00	-1.16661e+00	
821	8.119600e+01	-1.32340e+00	-1.16910e+00	
822	8.129600e+01	-1.32463e+00	-1.17160e+00	
823	8.139600e+01	-1.32586e+00	-1.17411e+00	
824	8.149600e+01	-1.32709e+00	-1.17662e+00	
825	8.159600e+01	-1.32833e+00	-1.17913e+00	
826	8.169600e+01	-1.32957e+00	-1.18166e+00	
827	8.179600e+01	-1.33081e+00	-1.18419e+00	
828	8.189600e+01	-1.33205e+00	-1.18672e+00	
829	8.199600e+01	-1.33329e+00	-1.18926e+00	
830	8.209600e+01	-1.33454e+00	-1.19181e+00	
831	8.219600e+01	-1.33579e+00	-1.19437e+00	
832	8.229600e+01	-1.33704e+00	-1.19693e+00	
833	8.239600e+01	-1.33829e+00	-1.19949e+00	
834	8.249600e+01	-1.33954e+00	-1.20207e+00	
835	8.259600e+01	-1.34080e+00	-1.20465e+00	
836	8.269600e+01	-1.34205e+00	-1.20724e+00	
837	8.279600e+01	-1.34331e+00	-1.20983e+00	
838	8.289600e+01	-1.34457e+00	-1.21243e+00	
839	8.299600e+01	-1.34583e+00	-1.21503e+00	
840	8.309600e+01	-1.34710e+00	-1.21765e+00	
841	8.319600e+01	-1.34836e+00	-1.22027e+00	
842	8.329600e+01	-1.34963e+00	-1.22289e+00	
843	8.339600e+01	-1.35090e+00	-1.22553e+00	
844	8.349600e+01	-1.35217e+00	-1.22817e+00	
845	8.359600e+01	-1.35345e+00	-1.23081e+00	
846	8.369600e+01	-1.35472e+00	-1.23346e+00	
847	8.379600e+01	-1.35600e+00	-1.23612e+00	
848	8.389600e+01	-1.35728e+00	-1.23879e+00	
849	8.399600e+01	-1.35856e+00	-1.24146e+00	
850	8.409600e+01	-1.35984e+00	-1.24414e+00	
851	8.419600e+01	-1.36113e+00	-1.24683e+00	
852	8.429600e+01	-1.36241e+00	-1.24953e+00	
853	8.439600e+01	-1.36370e+00	-1.25223e+00	
854	8.449600e+01	-1.36499e+00	-1.25494e+00	
855	8.459600e+01	-1.36629e+00	-1.25765e+00	
856	8.469600e+01	-1.36758e+00	-1.26037e+00	
857	8.479600e+01	-1.36888e+00	-1.26310e+00	
858	8.489600e+01	-1.37018e+00	-1.26584e+00	
859	8.499600e+01	-1.37148e+00	-1.26858e+00	
860	8.509600e+01	-1.37278e+00	-1.27133e+00	
861	8.519600e+01	-1.37409e+00	-1.27409e+00	
862	8.529600e+01	-1.37539e+00	-1.27686e+00	
863	8.539600e+01	-1.37670e+00	-1.27963e+00	
864	8.549600e+01	-1.37801e+00	-1.28241e+00	
865	8.559600e+01	-1.37933e+00	-1.28519e+00	
866	8.569600e+01	-1.38064e+00	-1.28799e+00	

Index   time            v(v_node)       v(w_node)       
--------------------------------------------------------------------------------
867	8.579600e+01	-1.38196e+00	-1.29079e+00	
868	8.589600e+01	-1.38328e+00	-1.29360e+00	
869	8.599600e+01	-1.38460e+00	-1.29642e+00	
870	8.609600e+01	-1.38592e+00	-1.29924e+00	
871	8.619600e+01	-1.38725e+00	-1.30207e+00	
872	8.629600e+01	-1.38858e+00	-1.30491e+00	
873	8.639600e+01	-1.38991e+00	-1.30776e+00	
874	8.649600e+01	-1.39124e+00	-1.31061e+00	
875	8.659600e+01	-1.39257e+00	-1.31347e+00	
876	8.669600e+01	-1.39391e+00	-1.31634e+00	
877	8.679600e+01	-1.39525e+00	-1.31922e+00	
878	8.689600e+01	-1.39659e+00	-1.32210e+00	
879	8.699600e+01	-1.39793e+00	-1.32500e+00	
880	8.709600e+01	-1.39927e+00	-1.32790e+00	
881	8.719600e+01	-1.40062e+00	-1.33081e+00	
882	8.729600e+01	-1.40197e+00	-1.33372e+00	
883	8.739600e+01	-1.40332e+00	-1.33665e+00	
884	8.749600e+01	-1.40467e+00	-1.33958e+00	
885	8.759600e+01	-1.40603e+00	-1.34252e+00	
886	8.769600e+01	-1.40739e+00	-1.34547e+00	
887	8.779600e+01	-1.40875e+00	-1.34842e+00	
888	8.789600e+01	-1.41011e+00	-1.35139e+00	
889	8.799600e+01	-1.41147e+00	-1.35436e+00	
890	8.809600e+01	-1.41284e+00	-1.35734e+00	
891	8.819600e+01	-1.41421e+00	-1.36033e+00	
892	8.829600e+01	-1.41558e+00	-1.36332e+00	
893	8.839600e+01	-1.41695e+00	-1.36633e+00	
894	8.849600e+01	-1.41833e+00	-1.36934e+00	
895	8.859600e+01	-1.41971e+00	-1.37236e+00	
896	8.869600e+01	-1.42109e+00	-1.37539e+00	
897	8.879600e+01	-1.42247e+00	-1.37843e+00	
898	8.889600e+01	-1.42385e+00	-1.38148e+00	
899	8.899600e+01	-1.42524e+00	-1.38453e+00	
900	8.909600e+01	-1.42663e+00	-1.38759e+00	
901	8.919600e+01	-1.42802e+00	-1.39067e+00	
902	8.929600e+01	-1.42941e+00	-1.39375e+00	
903	8.939600e+01	-1.43081e+00	-1.39684e+00	
904	8.949600e+01	-1.43221e+00	-1.39993e+00	
905	8.959600e+01	-1.43361e+00	-1.40304e+00	
906	8.969600e+01	-1.43501e+00	-1.40615e+00	
907	8.979600e+01	-1.43641e+00	-1.40928e+00	
908	8.989600e+01	-1.43782e+00	-1.41241e+00	
909	8.999600e+01	-1.43923e+00	-1.41555e+00	
910	9.009600e+01	-1.44064e+00	-1.41870e+00	
911	9.019600e+01	-1.44206e+00	-1.42186e+00	
912	9.029600e+01	-1.44348e+00	-1.42503e+00	
913	9.039600e+01	-1.44490e+00	-1.42821e+00	
914	9.049600e+01	-1.44632e+00	-1.43139e+00	
915	9.059600e+01	-1.44774e+00	-1.43459e+00	
916	9.069600e+01	-1.44917e+00	-1.43779e+00	
917	9.079600e+01	-1.45060e+00	-1.44100e+00	
918	9.089600e+01	-1.45203e+00	-1.44423e+00	
919	9.099600e+01	-1.45346e+00	-1.44746e+00	
920	9.109600e+01	-1.45490e+00	-1.45070e+00	
921	9.119600e+01	-1.45634e+00	-1.45395e+00	
922	9.129600e+01	-1.45778e+00	-1.45721e+00	
923	9.139600e+01	-1.45922e+00	-1.46048e+00	
924	9.149600e+01	-1.46067e+00	-1.46375e+00	

Index   time            v(v_node)       v(w_node)       
--------------------------------------------------------------------------------
925	9.159600e+01	-1.46212e+00	-1.46704e+00	
926	9.169600e+01	-1.46357e+00	-1.47034e+00	
927	9.179600e+01	-1.46502e+00	-1.47364e+00	
928	9.189600e+01	-1.46648e+00	-1.47696e+00	
929	9.199600e+01	-1.46794e+00	-1.48029e+00	
930	9.209600e+01	-1.46940e+00	-1.48362e+00	
931	9.219600e+01	-1.47086e+00	-1.48697e+00	
932	9.229600e+01	-1.47233e+00	-1.49032e+00	
933	9.239600e+01	-1.47379e+00	-1.49368e+00	
934	9.249600e+01	-1.47527e+00	-1.49706e+00	
935	9.259600e+01	-1.47674e+00	-1.50044e+00	
936	9.269600e+01	-1.47822e+00	-1.50384e+00	
937	9.279600e+01	-1.47969e+00	-1.50724e+00	
938	9.289600e+01	-1.48118e+00	-1.51065e+00	
939	9.299600e+01	-1.48266e+00	-1.51408e+00	
940	9.309600e+01	-1.48415e+00	-1.51751e+00	
941	9.319600e+01	-1.48564e+00	-1.52096e+00	
942	9.329600e+01	-1.48713e+00	-1.52441e+00	
943	9.339600e+01	-1.48862e+00	-1.52787e+00	
944	9.349600e+01	-1.49012e+00	-1.53135e+00	
945	9.359600e+01	-1.49162e+00	-1.53483e+00	
946	9.369600e+01	-1.49312e+00	-1.53833e+00	
947	9.379600e+01	-1.49463e+00	-1.54183e+00	
948	9.389600e+01	-1.49613e+00	-1.54535e+00	
949	9.399600e+01	-1.49764e+00	-1.54888e+00	
950	9.409600e+01	-1.49916e+00	-1.55241e+00	
951	9.419600e+01	-1.50067e+00	-1.55596e+00	
952	9.429600e+01	-1.50219e+00	-1.55952e+00	
953	9.439600e+01	-1.50371e+00	-1.56309e+00	
954	9.449600e+01	-1.50524e+00	-1.56667e+00	
955	9.459600e+01	-1.50676e+00	-1.57026e+00	
956	9.469600e+01	-1.50829e+00	-1.57386e+00	
957	9.479600e+01	-1.50982e+00	-1.57747e+00	
958	9.489600e+01	-1.51136e+00	-1.58109e+00	
959	9.499600e+01	-1.51290e+00	-1.58473e+00	
960	9.509600e+01	-1.51444e+00	-1.58837e+00	
961	9.519600e+01	-1.51598e+00	-1.59203e+00	
962	9.529600e+01	-1.51753e+00	-1.59569e+00	
963	9.539600e+01	-1.51907e+00	-1.59937e+00	
964	9.549600e+01	-1.52063e+00	-1.60306e+00	
965	9.559600e+01	-1.52218e+00	-1.60676e+00	
966	9.569600e+01	-1.52374e+00	-1.61047e+00	
967	9.579600e+01	-1.52530e+00	-1.61419e+00	
968	9.589600e+01	-1.52686e+00	-1.61793e+00	
969	9.599600e+01	-1.52842e+00	-1.62167e+00	
970	9.609600e+01	-1.52999e+00	-1.62543e+00	
971	9.619600e+01	-1.53156e+00	-1.62920e+00	
972	9.629600e+01	-1.53314e+00	-1.63298e+00	
973	9.639600e+01	-1.53472e+00	-1.63677e+00	
974	9.649600e+01	-1.53630e+00	-1.64058e+00	
975	9.659600e+01	-1.53788e+00	-1.64439e+00	
976	9.669600e+01	-1.53946e+00	-1.64822e+00	
977	9.679600e+01	-1.54105e+00	-1.65206e+00	
978	9.689600e+01	-1.54264e+00	-1.65591e+00	
979	9.699600e+01	-1.54424e+00	-1.65977e+00	
980	9.709600e+01	-1.54584e+00	-1.66364e+00	
981	9.719600e+01	-1.54744e+00	-1.66753e+00	
982	9.729600e+01	-1.54904e+00	-1.67143e+00	

Index   time            v(v_node)       v(w_node)       
--------------------------------------------------------------------------------
983	9.739600e+01	-1.55065e+00	-1.67534e+00	
984	9.749600e+01	-1.55225e+00	-1.67926e+00	
985	9.759600e+01	-1.55387e+00	-1.68320e+00	
986	9.769600e+01	-1.55548e+00	-1.68715e+00	
987	9.779600e+01	-1.55710e+00	-1.69111e+00	
988	9.789600e+01	-1.55872e+00	-1.69508e+00	
989	9.799600e+01	-1.56034e+00	-1.69906e+00	
990	9.809600e+01	-1.56197e+00	-1.70306e+00	
991	9.819600e+01	-1.56360e+00	-1.70707e+00	
992	9.829600e+01	-1.56524e+00	-1.71109e+00	
993	9.839600e+01	-1.56687e+00	-1.71513e+00	
994	9.849600e+01	-1.56851e+00	-1.71918e+00	
995	9.859600e+01	-1.57015e+00	-1.72324e+00	
996	9.869600e+01	-1.57180e+00	-1.72731e+00	
997	9.879600e+01	-1.57345e+00	-1.73140e+00	
998	9.889600e+01	-1.57510e+00	-1.73550e+00	
999	9.899600e+01	-1.57675e+00	-1.73961e+00	
1000	9.909600e+01	-1.57841e+00	-1.74374e+00	
1001	9.919600e+01	-1.58007e+00	-1.74788e+00	
1002	9.929600e+01	-1.58174e+00	-1.75203e+00	
1003	9.939600e+01	-1.58341e+00	-1.75620e+00	
1004	9.949600e+01	-1.58508e+00	-1.76038e+00	
1005	9.959600e+01	-1.58675e+00	-1.76457e+00	
1006	9.969600e+01	-1.58843e+00	-1.76877e+00	
1007	9.979600e+01	-1.59011e+00	-1.77299e+00	
1008	9.989600e+01	-1.59179e+00	-1.77723e+00	
1009	9.999600e+01	-1.59348e+00	-1.78147e+00	
1010	1.000960e+02	-1.59517e+00	-1.78573e+00	
1011	1.001960e+02	-1.59686e+00	-1.79001e+00	
1012	1.002960e+02	-1.59856e+00	-1.79430e+00	
1013	1.003960e+02	-1.60026e+00	-1.79860e+00	
1014	1.004960e+02	-1.60196e+00	-1.80291e+00	
1015	1.005960e+02	-1.60366e+00	-1.80724e+00	
1016	1.006960e+02	-1.60537e+00	-1.81159e+00	
1017	1.007960e+02	-1.60709e+00	-1.81595e+00	
1018	1.008960e+02	-1.60880e+00	-1.82032e+00	
1019	1.009960e+02	-1.61052e+00	-1.82471e+00	
1020	1.010960e+02	-1.61224e+00	-1.82911e+00	
1021	1.011960e+02	-1.61397e+00	-1.83352e+00	
1022	1.012960e+02	-1.61570e+00	-1.83795e+00	
1023	1.013960e+02	-1.61743e+00	-1.84240e+00	
1024	1.014960e+02	-1.61917e+00	-1.84686e+00	
1025	1.015960e+02	-1.62091e+00	-1.85133e+00	
1026	1.016960e+02	-1.62265e+00	-1.85582e+00	
1027	1.017960e+02	-1.62439e+00	-1.86032e+00	
1028	1.018960e+02	-1.62614e+00	-1.86484e+00	
1029	1.019960e+02	-1.62790e+00	-1.86937e+00	
1030	1.020960e+02	-1.62965e+00	-1.87392e+00	
1031	1.021960e+02	-1.63141e+00	-1.87849e+00	
1032	1.022960e+02	-1.63318e+00	-1.88307e+00	
1033	1.023960e+02	-1.63494e+00	-1.88766e+00	
1034	1.024960e+02	-1.63671e+00	-1.89227e+00	
1035	1.025960e+02	-1.63849e+00	-1.89689e+00	
1036	1.026960e+02	-1.64026e+00	-1.90153e+00	
1037	1.027960e+02	-1.64204e+00	-1.90619e+00	
1038	1.028960e+02	-1.64383e+00	-1.91086e+00	
1039	1.029960e+02	-1.64561e+00	-1.91555e+00	
1040	1.030960e+02	-1.64741e+00	-1.92025e+00	

Index   time            v(v_node)       v(w_node)       
--------------------------------------------------------------------------------
1041	1.031960e+02	-1.64920e+00	-1.92497e+00	
1042	1.032960e+02	-1.65100e+00	-1.92970e+00	
1043	1.033960e+02	-1.65280e+00	-1.93445e+00	
1044	1.034960e+02	-1.65461e+00	-1.93922e+00	
1045	1.035960e+02	-1.65641e+00	-1.94400e+00	
1046	1.036960e+02	-1.65823e+00	-1.94880e+00	
1047	1.037960e+02	-1.66004e+00	-1.95361e+00	
1048	1.038960e+02	-1.66186e+00	-1.95844e+00	
1049	1.039960e+02	-1.66369e+00	-1.96329e+00	
1050	1.040960e+02	-1.66551e+00	-1.96815e+00	
1051	1.041960e+02	-1.66734e+00	-1.97304e+00	
1052	1.042960e+02	-1.66918e+00	-1.97793e+00	
1053	1.043960e+02	-1.67101e+00	-1.98285e+00	
1054	1.044960e+02	-1.67286e+00	-1.98778e+00	
1055	1.045960e+02	-1.67470e+00	-1.99272e+00	
1056	1.046960e+02	-1.67655e+00	-1.99769e+00	
1057	1.047960e+02	-1.67840e+00	-2.00267e+00	
1058	1.048960e+02	-1.68026e+00	-2.00767e+00	
1059	1.049960e+02	-1.68212e+00	-2.01268e+00	
1060	1.050960e+02	-1.68398e+00	-2.01772e+00	
1061	1.051960e+02	-1.68585e+00	-2.02277e+00	
1062	1.052960e+02	-1.68772e+00	-2.02783e+00	
1063	1.053960e+02	-1.68960e+00	-2.03292e+00	
1064	1.054960e+02	-1.69148e+00	-2.03802e+00	
1065	1.055960e+02	-1.69336e+00	-2.04314e+00	
1066	1.056960e+02	-1.69524e+00	-2.04828e+00	
1067	1.057960e+02	-1.69714e+00	-2.05344e+00	
1068	1.058960e+02	-1.69903e+00	-2.05861e+00	
1069	1.059960e+02	-1.70093e+00	-2.06380e+00	
1070	1.060960e+02	-1.70283e+00	-2.06901e+00	
1071	1.061960e+02	-1.70473e+00	-2.07424e+00	
1072	1.062960e+02	-1.70664e+00	-2.07949e+00	
1073	1.063960e+02	-1.70856e+00	-2.08475e+00	
1074	1.064960e+02	-1.71048e+00	-2.09003e+00	
1075	1.065960e+02	-1.71240e+00	-2.09534e+00	
1076	1.066960e+02	-1.71432e+00	-2.10066e+00	
1077	1.067960e+02	-1.71625e+00	-2.10600e+00	
1078	1.068960e+02	-1.71818e+00	-2.11135e+00	
1079	1.069960e+02	-1.72012e+00	-2.11673e+00	
1080	1.070960e+02	-1.72206e+00	-2.12213e+00	
1081	1.071960e+02	-1.72401e+00	-2.12754e+00	
1082	1.072960e+02	-1.72596e+00	-2.13297e+00	
1083	1.073960e+02	-1.72791e+00	-2.13843e+00	
1084	1.074960e+02	-1.72987e+00	-2.14390e+00	
1085	1.075960e+02	-1.73183e+00	-2.14939e+00	
1086	1.076960e+02	-1.73379e+00	-2.15490e+00	
1087	1.077960e+02	-1.73576e+00	-2.16043e+00	
1088	1.078960e+02	-1.73773e+00	-2.16598e+00	
1089	1.079960e+02	-1.73971e+00	-2.17155e+00	
1090	1.080960e+02	-1.74169e+00	-2.17714e+00	
1091	1.081960e+02	-1.74368e+00	-2.18275e+00	
1092	1.082960e+02	-1.74567e+00	-2.18839e+00	
1093	1.083960e+02	-1.74766e+00	-2.19404e+00	
1094	1.084960e+02	-1.74966e+00	-2.19971e+00	
1095	1.085960e+02	-1.75166e+00	-2.20540e+00	
1096	1.086960e+02	-1.75367e+00	-2.21111e+00	
1097	1.087960e+02	-1.75568e+00	-2.21684e+00	
1098	1.088960e+02	-1.75769e+00	-2.22259e+00	

Index   time            v(v_node)       v(w_node)       
--------------------------------------------------------------------------------
1099	1.089960e+02	-1.75971e+00	-2.22837e+00	
1100	1.090960e+02	-1.76174e+00	-2.23416e+00	
1101	1.091960e+02	-1.76376e+00	-2.23998e+00	
1102	1.092960e+02	-1.76579e+00	-2.24581e+00	
1103	1.093960e+02	-1.76783e+00	-2.25167e+00	
1104	1.094960e+02	-1.76987e+00	-2.25755e+00	
1105	1.095960e+02	-1.77191e+00	-2.26345e+00	
1106	1.096960e+02	-1.77396e+00	-2.26937e+00	
1107	1.097960e+02	-1.77602e+00	-2.27531e+00	
1108	1.098960e+02	-1.77807e+00	-2.28128e+00	
1109	1.099960e+02	-1.78013e+00	-2.28726e+00	
1110	1.100960e+02	-1.78220e+00	-2.29327e+00	
1111	1.101960e+02	-1.78427e+00	-2.29930e+00	
1112	1.102960e+02	-1.78634e+00	-2.30536e+00	
1113	1.103960e+02	-1.78842e+00	-2.31143e+00	
1114	1.104960e+02	-1.79051e+00	-2.31753e+00	
1115	1.105960e+02	-1.79259e+00	-2.32365e+00	
1116	1.106960e+02	-1.79469e+00	-2.32979e+00	
1117	1.107960e+02	-1.79678e+00	-2.33595e+00	
1118	1.108960e+02	-1.79888e+00	-2.34214e+00	
1119	1.109960e+02	-1.80099e+00	-2.34835e+00	
1120	1.110960e+02	-1.80310e+00	-2.35458e+00	
1121	1.111960e+02	-1.80521e+00	-2.36084e+00	
1122	1.112960e+02	-1.80733e+00	-2.36712e+00	
1123	1.113960e+02	-1.80946e+00	-2.37342e+00	
1124	1.114960e+02	-1.81158e+00	-2.37975e+00	
1125	1.115960e+02	-1.81372e+00	-2.38610e+00	
1126	1.116960e+02	-1.81585e+00	-2.39247e+00	
1127	1.117960e+02	-1.81800e+00	-2.39887e+00	
1128	1.118960e+02	-1.82014e+00	-2.40529e+00	
1129	1.119960e+02	-1.82229e+00	-2.41173e+00	
1130	1.120960e+02	-1.82445e+00	-2.41820e+00	
1131	1.121960e+02	-1.82661e+00	-2.42469e+00	
1132	1.122960e+02	-1.82877e+00	-2.43121e+00	
1133	1.123960e+02	-1.83094e+00	-2.43775e+00	
1134	1.124960e+02	-1.83312e+00	-2.44432e+00	
1135	1.125960e+02	-1.83529e+00	-2.45091e+00	
1136	1.126960e+02	-1.83748e+00	-2.45753e+00	
1137	1.127960e+02	-1.83966e+00	-2.46417e+00	
1138	1.128960e+02	-1.84186e+00	-2.47083e+00	
1139	1.129960e+02	-1.84405e+00	-2.47752e+00	
1140	1.130960e+02	-1.84626e+00	-2.48424e+00	
1141	1.131960e+02	-1.84846e+00	-2.49098e+00	
1142	1.132960e+02	-1.85068e+00	-2.49775e+00	
1143	1.133960e+02	-1.85289e+00	-2.50454e+00	
1144	1.134960e+02	-1.85511e+00	-2.51136e+00	
1145	1.135960e+02	-1.85734e+00	-2.51821e+00	
1146	1.136960e+02	-1.85957e+00	-2.52508e+00	
1147	1.137960e+02	-1.86181e+00	-2.53198e+00	
1148	1.138960e+02	-1.86405e+00	-2.53890e+00	
1149	1.139960e+02	-1.86629e+00	-2.54585e+00	
1150	1.140960e+02	-1.86854e+00	-2.55282e+00	
1151	1.141960e+02	-1.87080e+00	-2.55983e+00	
1152	1.142960e+02	-1.87306e+00	-2.56686e+00	
1153	1.143960e+02	-1.87532e+00	-2.57392e+00	
1154	1.144960e+02	-1.87759e+00	-2.58100e+00	
1155	1.145960e+02	-1.87987e+00	-2.58811e+00	
1156	1.146960e+02	-1.88215e+00	-2.59525e+00	

Index   time            v(v_node)       v(w_node)       
--------------------------------------------------------------------------------
1157	1.147960e+02	-1.88443e+00	-2.60242e+00	
1158	1.148960e+02	-1.88672e+00	-2.60961e+00	
1159	1.149960e+02	-1.88901e+00	-2.61683e+00	
1160	1.150960e+02	-1.89131e+00	-2.62408e+00	
1161	1.151960e+02	-1.89362e+00	-2.63136e+00	
1162	1.152960e+02	-1.89593e+00	-2.63866e+00	
1163	1.153960e+02	-1.89824e+00	-2.64600e+00	
1164	1.154960e+02	-1.90056e+00	-2.65336e+00	
1165	1.155960e+02	-1.90289e+00	-2.66075e+00	
1166	1.156960e+02	-1.90522e+00	-2.66817e+00	
1167	1.157960e+02	-1.90755e+00	-2.67562e+00	
1168	1.158960e+02	-1.90989e+00	-2.68310e+00	
1169	1.159960e+02	-1.91224e+00	-2.69061e+00	
1170	1.160960e+02	-1.91459e+00	-2.69814e+00	
1171	1.161960e+02	-1.91695e+00	-2.70571e+00	
1172	1.162960e+02	-1.91931e+00	-2.71331e+00	
1173	1.163960e+02	-1.92167e+00	-2.72093e+00	
1174	1.164960e+02	-1.92405e+00	-2.72859e+00	
1175	1.165960e+02	-1.92642e+00	-2.73627e+00	
1176	1.166960e+02	-1.92880e+00	-2.74399e+00	
1177	1.167960e+02	-1.93119e+00	-2.75173e+00	
1178	1.168960e+02	-1.93358e+00	-2.75951e+00	
1179	1.169960e+02	-1.93598e+00	-2.76732e+00	
1180	1.170960e+02	-1.93838e+00	-2.77516e+00	
1181	1.171960e+02	-1.94079e+00	-2.78303e+00	
1182	1.172960e+02	-1.94321e+00	-2.79093e+00	
1183	1.173960e+02	-1.94563e+00	-2.79886e+00	
1184	1.174960e+02	-1.94805e+00	-2.80682e+00	
1185	1.175960e+02	-1.95048e+00	-2.81482e+00	
1186	1.176960e+02	-1.95292e+00	-2.82285e+00	
1187	1.177960e+02	-1.95536e+00	-2.83090e+00	
1188	1.178960e+02	-1.95780e+00	-2.83900e+00	
1189	1.179960e+02	-1.96025e+00	-2.84712e+00	
1190	1.180960e+02	-1.96271e+00	-2.85527e+00	
1191	1.181960e+02	-1.96517e+00	-2.86346e+00	
1192	1.182960e+02	-1.96764e+00	-2.87168e+00	
1193	1.183960e+02	-1.97012e+00	-2.87994e+00	
1194	1.184960e+02	-1.97260e+00	-2.88823e+00	
1195	1.185960e+02	-1.97508e+00	-2.89655e+00	
1196	1.186960e+02	-1.97757e+00	-2.90490e+00	
1197	1.187960e+02	-1.98007e+00	-2.91329e+00	
1198	1.188960e+02	-1.98257e+00	-2.92171e+00	
1199	1.189960e+02	-1.98507e+00	-2.93016e+00	
1200	1.190960e+02	-1.98759e+00	-2.93865e+00	
1201	1.191960e+02	-1.99010e+00	-2.94718e+00	
1202	1.192960e+02	-1.99263e+00	-2.95574e+00	
1203	1.193960e+02	-1.99516e+00	-2.96433e+00	
1204	1.194960e+02	-1.99769e+00	-2.97296e+00	
1205	1.195960e+02	-2.00023e+00	-2.98162e+00	
1206	1.196960e+02	-2.00278e+00	-2.99032e+00	
1207	1.197960e+02	-2.00533e+00	-2.99905e+00	
1208	1.198960e+02	-2.00789e+00	-3.00782e+00	
1209	1.199960e+02	-2.01046e+00	-3.01663e+00	
1210	1.200960e+02	-2.01303e+00	-3.02547e+00	
1211	1.201960e+02	-2.01560e+00	-3.03434e+00	
1212	1.202960e+02	-2.01818e+00	-3.04326e+00	
1213	1.203960e+02	-2.02077e+00	-3.05221e+00	
1214	1.204960e+02	-2.02336e+00	-3.06119e+00	

Index   time            v(v_node)       v(w_node)       
--------------------------------------------------------------------------------
1215	1.205960e+02	-2.02596e+00	-3.07022e+00	
1216	1.206960e+02	-2.02857e+00	-3.07928e+00	
1217	1.207960e+02	-2.03118e+00	-3.08837e+00	
1218	1.208960e+02	-2.03379e+00	-3.09751e+00	
1219	1.209960e+02	-2.03642e+00	-3.10668e+00	
1220	1.210960e+02	-2.03904e+00	-3.11589e+00	
1221	1.211960e+02	-2.04168e+00	-3.12514e+00	
1222	1.212960e+02	-2.04432e+00	-3.13443e+00	
1223	1.213960e+02	-2.04696e+00	-3.14375e+00	
1224	1.214960e+02	-2.04962e+00	-3.15312e+00	
1225	1.215960e+02	-2.05228e+00	-3.16252e+00	
1226	1.216960e+02	-2.05494e+00	-3.17196e+00	
1227	1.217960e+02	-2.05761e+00	-3.18144e+00	
1228	1.218960e+02	-2.06029e+00	-3.19096e+00	
1229	1.219960e+02	-2.06297e+00	-3.20052e+00	
1230	1.220960e+02	-2.06566e+00	-3.21012e+00	
1231	1.221960e+02	-2.06835e+00	-3.21976e+00	
1232	1.222960e+02	-2.07105e+00	-3.22944e+00	
1233	1.223960e+02	-2.07376e+00	-3.23916e+00	
1234	1.224960e+02	-2.07647e+00	-3.24892e+00	
1235	1.225960e+02	-2.07919e+00	-3.25872e+00	
1236	1.226960e+02	-2.08192e+00	-3.26856e+00	
1237	1.227960e+02	-2.08465e+00	-3.27845e+00	
1238	1.228960e+02	-2.08739e+00	-3.28837e+00	
1239	1.229960e+02	-2.09014e+00	-3.29834e+00	
1240	1.230960e+02	-2.09289e+00	-3.30835e+00	
1241	1.231960e+02	-2.09564e+00	-3.31840e+00	
1242	1.232960e+02	-2.09841e+00	-3.32850e+00	
1243	1.233960e+02	-2.10118e+00	-3.33863e+00	
1244	1.234960e+02	-2.10395e+00	-3.34881e+00	
1245	1.235960e+02	-2.10674e+00	-3.35903e+00	
1246	1.236960e+02	-2.10952e+00	-3.36930e+00	
1247	1.237960e+02	-2.11232e+00	-3.37961e+00	
1248	1.238960e+02	-2.11512e+00	-3.38996e+00	
1249	1.239960e+02	-2.11793e+00	-3.40036e+00	
1250	1.240960e+02	-2.12074e+00	-3.41080e+00	
1251	1.241960e+02	-2.12357e+00	-3.42129e+00	
1252	1.242960e+02	-2.12639e+00	-3.43182e+00	
1253	1.243960e+02	-2.12923e+00	-3.44239e+00	
1254	1.244960e+02	-2.13207e+00	-3.45301e+00	
1255	1.245960e+02	-2.13491e+00	-3.46368e+00	
1256	1.246960e+02	-2.13777e+00	-3.47439e+00	
1257	1.247960e+02	-2.14063e+00	-3.48514e+00	
1258	1.248960e+02	-2.14350e+00	-3.49595e+00	
1259	1.249960e+02	-2.14637e+00	-3.50680e+00	
1260	1.250960e+02	-2.14925e+00	-3.51769e+00	
1261	1.251960e+02	-2.15214e+00	-3.52864e+00	
1262	1.252960e+02	-2.15503e+00	-3.53963e+00	
1263	1.253960e+02	-2.15793e+00	-3.55066e+00	
1264	1.254960e+02	-2.16084e+00	-3.56175e+00	
1265	1.255960e+02	-2.16375e+00	-3.57288e+00	
1266	1.256960e+02	-2.16667e+00	-3.58406e+00	
1267	1.257960e+02	-2.16960e+00	-3.59529e+00	
1268	1.258960e+02	-2.17253e+00	-3.60657e+00	
1269	1.259960e+02	-2.17547e+00	-3.61789e+00	
1270	1.260960e+02	-2.17842e+00	-3.62927e+00	
1271	1.261960e+02	-2.18138e+00	-3.64069e+00	
1272	1.262960e+02	-2.18434e+00	-3.65217e+00	

Index   time            v(v_node)       v(w_node)       
--------------------------------------------------------------------------------
1273	1.263960e+02	-2.18731e+00	-3.66369e+00	
1274	1.264960e+02	-2.19028e+00	-3.67527e+00	
1275	1.265960e+02	-2.19326e+00	-3.68689e+00	
1276	1.266960e+02	-2.19625e+00	-3.69857e+00	
1277	1.267960e+02	-2.19925e+00	-3.71029e+00	
1278	1.268960e+02	-2.20225e+00	-3.72207e+00	
1279	1.269960e+02	-2.20526e+00	-3.73390e+00	
1280	1.270960e+02	-2.20828e+00	-3.74578e+00	
1281	1.271960e+02	-2.21130e+00	-3.75771e+00	
1282	1.272960e+02	-2.21433e+00	-3.76970e+00	
1283	1.273960e+02	-2.21737e+00	-3.78173e+00	
1284	1.274960e+02	-2.22042e+00	-3.79383e+00	
1285	1.275960e+02	-2.22347e+00	-3.80597e+00	
1286	1.276960e+02	-2.22653e+00	-3.81817e+00	
1287	1.277960e+02	-2.22959e+00	-3.83042e+00	
1288	1.278960e+02	-2.23267e+00	-3.84272e+00	
1289	1.279960e+02	-2.23575e+00	-3.85508e+00	
1290	1.280960e+02	-2.23884e+00	-3.86750e+00	
1291	1.281960e+02	-2.24193e+00	-3.87996e+00	
1292	1.282960e+02	-2.24503e+00	-3.89249e+00	
1293	1.283960e+02	-2.24814e+00	-3.90507e+00	
1294	1.284960e+02	-2.25126e+00	-3.91770e+00	
1295	1.285960e+02	-2.25439e+00	-3.93039e+00	
1296	1.286960e+02	-2.25752e+00	-3.94314e+00	
1297	1.287960e+02	-2.26066e+00	-3.95595e+00	
1298	1.288960e+02	-2.26380e+00	-3.96881e+00	
1299	1.289960e+02	-2.26696e+00	-3.98173e+00	
1300	1.290960e+02	-2.27012e+00	-3.99470e+00	
1301	1.291960e+02	-2.27329e+00	-4.00774e+00	
1302	1.292960e+02	-2.27646e+00	-4.02083e+00	
1303	1.293960e+02	-2.27965e+00	-4.03398e+00	
1304	1.294960e+02	-2.28284e+00	-4.04719e+00	
1305	1.295960e+02	-2.28604e+00	-4.06046e+00	
1306	1.296960e+02	-2.28924e+00	-4.07379e+00	
1307	1.297960e+02	-2.29246e+00	-4.08718e+00	
1308	1.298960e+02	-2.29568e+00	-4.10062e+00	
1309	1.299960e+02	-2.29891e+00	-4.11413e+00	
1310	1.300960e+02	-2.30214e+00	-4.12770e+00	
1311	1.301960e+02	-2.30539e+00	-4.14133e+00	
1312	1.302960e+02	-2.30864e+00	-4.15503e+00	
1313	1.303960e+02	-2.31190e+00	-4.16878e+00	
1314	1.304960e+02	-2.31516e+00	-4.18260e+00	
1315	1.305960e+02	-2.31844e+00	-4.19647e+00	
1316	1.306960e+02	-2.32172e+00	-4.21042e+00	
1317	1.307960e+02	-2.32501e+00	-4.22442e+00	
1318	1.308960e+02	-2.32831e+00	-4.23849e+00	
1319	1.309960e+02	-2.33161e+00	-4.25262e+00	
1320	1.310960e+02	-2.33493e+00	-4.26682e+00	
1321	1.311960e+02	-2.33825e+00	-4.28108e+00	
1322	1.312960e+02	-2.34158e+00	-4.29540e+00	
1323	1.313960e+02	-2.34491e+00	-4.30979e+00	
1324	1.314960e+02	-2.34826e+00	-4.32425e+00	
1325	1.315960e+02	-2.35161e+00	-4.33877e+00	
1326	1.316960e+02	-2.35497e+00	-4.35336e+00	
1327	1.317960e+02	-2.35834e+00	-4.36802e+00	
1328	1.318960e+02	-2.36172e+00	-4.38274e+00	
1329	1.319960e+02	-2.36510e+00	-4.39753e+00	
1330	1.320960e+02	-2.36849e+00	-4.41238e+00	

Index   time            v(v_node)       v(w_node)       
--------------------------------------------------------------------------------
1331	1.321960e+02	-2.37189e+00	-4.42731e+00	
1332	1.322960e+02	-2.37530e+00	-4.44230e+00	
1333	1.323960e+02	-2.37872e+00	-4.45737e+00	
1334	1.324960e+02	-2.38214e+00	-4.47250e+00	
1335	1.325960e+02	-2.38558e+00	-4.48770e+00	
1336	1.326960e+02	-2.38902e+00	-4.50297e+00	
1337	1.327960e+02	-2.39247e+00	-4.51831e+00	
1338	1.328960e+02	-2.39592e+00	-4.53373e+00	
1339	1.329960e+02	-2.39939e+00	-4.54921e+00	
1340	1.330960e+02	-2.40286e+00	-4.56477e+00	
1341	1.331960e+02	-2.40635e+00	-4.58040e+00	
1342	1.332960e+02	-2.40984e+00	-4.59610e+00	
1343	1.333960e+02	-2.41333e+00	-4.61187e+00	
1344	1.334960e+02	-2.41684e+00	-4.62771e+00	
1345	1.335960e+02	-2.42036e+00	-4.64363e+00	
1346	1.336960e+02	-2.42388e+00	-4.65963e+00	
1347	1.337960e+02	-2.42741e+00	-4.67570e+00	
1348	1.338960e+02	-2.43095e+00	-4.69184e+00	
1349	1.339960e+02	-2.43450e+00	-4.70806e+00	
1350	1.340960e+02	-2.43806e+00	-4.72435e+00	
1351	1.341960e+02	-2.44162e+00	-4.74072e+00	
1352	1.342960e+02	-2.44520e+00	-4.75716e+00	
1353	1.343960e+02	-2.44878e+00	-4.77369e+00	
1354	1.344960e+02	-2.45237e+00	-4.79029e+00	
1355	1.345960e+02	-2.45597e+00	-4.80697e+00	
1356	1.346960e+02	-2.45958e+00	-4.82372e+00	
1357	1.347960e+02	-2.46320e+00	-4.84056e+00	
1358	1.348960e+02	-2.46682e+00	-4.85747e+00	
1359	1.349960e+02	-2.47046e+00	-4.87446e+00	
1360	1.350960e+02	-2.47410e+00	-4.89154e+00	
1361	1.351960e+02	-2.47775e+00	-4.90869e+00	
1362	1.352960e+02	-2.48141e+00	-4.92592e+00	
1363	1.353960e+02	-2.48508e+00	-4.94324e+00	
1364	1.354960e+02	-2.48876e+00	-4.96064e+00	
1365	1.355960e+02	-2.49244e+00	-4.97811e+00	
1366	1.356960e+02	-2.49614e+00	-4.99568e+00	
1367	1.357960e+02	-2.49984e+00	-5.01332e+00	
1368	1.358960e+02	-2.50355e+00	-5.03105e+00	
1369	1.359960e+02	-2.50728e+00	-5.04886e+00	
1370	1.360960e+02	-2.51101e+00	-5.06676e+00	
1371	1.361960e+02	-2.51475e+00	-5.08474e+00	
1372	1.362960e+02	-2.51849e+00	-5.10281e+00	
1373	1.363960e+02	-2.52225e+00	-5.12096e+00	
1374	1.364960e+02	-2.52602e+00	-5.13920e+00	
1375	1.365960e+02	-2.52979e+00	-5.15753e+00	
1376	1.366960e+02	-2.53358e+00	-5.17594e+00	
1377	1.367960e+02	-2.53737e+00	-5.19444e+00	
1378	1.368960e+02	-2.54117e+00	-5.21303e+00	
1379	1.369960e+02	-2.54499e+00	-5.23171e+00	
1380	1.370960e+02	-2.54881e+00	-5.25048e+00	
1381	1.371960e+02	-2.55264e+00	-5.26934e+00	
1382	1.372960e+02	-2.55647e+00	-5.28828e+00	
1383	1.373960e+02	-2.56032e+00	-5.30732e+00	
1384	1.374960e+02	-2.56418e+00	-5.32645e+00	
1385	1.375960e+02	-2.56805e+00	-5.34567e+00	
1386	1.376960e+02	-2.57192e+00	-5.36499e+00	
1387	1.377960e+02	-2.57581e+00	-5.38440e+00	
1388	1.378960e+02	-2.57970e+00	-5.40390e+00	

Index   time            v(v_node)       v(w_node)       
--------------------------------------------------------------------------------
1389	1.379960e+02	-2.58361e+00	-5.42349e+00	
1390	1.380960e+02	-2.58752e+00	-5.44318e+00	
1391	1.381960e+02	-2.59144e+00	-5.46296e+00	
1392	1.382960e+02	-2.59537e+00	-5.48284e+00	
1393	1.383960e+02	-2.59931e+00	-5.50282e+00	
1394	1.384960e+02	-2.60327e+00	-5.52289e+00	
1395	1.385960e+02	-2.60723e+00	-5.54306e+00	
1396	1.386960e+02	-2.61119e+00	-5.56333e+00	
1397	1.387960e+02	-2.61517e+00	-5.58369e+00	
1398	1.388960e+02	-2.61916e+00	-5.60415e+00	
1399	1.389960e+02	-2.62316e+00	-5.62472e+00	
1400	1.390960e+02	-2.62717e+00	-5.64538e+00	
1401	1.391960e+02	-2.63119e+00	-5.66614e+00	
1402	1.392960e+02	-2.63521e+00	-5.68701e+00	
1403	1.393960e+02	-2.63925e+00	-5.70797e+00	
1404	1.394960e+02	-2.64330e+00	-5.72904e+00	
1405	1.395960e+02	-2.64735e+00	-5.75021e+00	
1406	1.396960e+02	-2.65142e+00	-5.77149e+00	
1407	1.397960e+02	-2.65549e+00	-5.79287e+00	
1408	1.398960e+02	-2.65958e+00	-5.81435e+00	
1409	1.399960e+02	-2.66367e+00	-5.83594e+00	
1410	1.400960e+02	-2.66778e+00	-5.85763e+00	
1411	1.401960e+02	-2.67189e+00	-5.87943e+00	
1412	1.402960e+02	-2.67602e+00	-5.90134e+00	
1413	1.403960e+02	-2.68015e+00	-5.92335e+00	
1414	1.404960e+02	-2.68430e+00	-5.94547e+00	
1415	1.405960e+02	-2.68845e+00	-5.96771e+00	
1416	1.406960e+02	-2.69262e+00	-5.99005e+00	
1417	1.407960e+02	-2.69679e+00	-6.01250e+00	
1418	1.408960e+02	-2.70098e+00	-6.03506e+00	
1419	1.409960e+02	-2.70517e+00	-6.05773e+00	
1420	1.410960e+02	-2.70937e+00	-6.08051e+00	
1421	1.411960e+02	-2.71359e+00	-6.10341e+00	
1422	1.412960e+02	-2.71781e+00	-6.12642e+00	
1423	1.413960e+02	-2.72205e+00	-6.14954e+00	
1424	1.414960e+02	-2.72629e+00	-6.17278e+00	
1425	1.415960e+02	-2.73055e+00	-6.19614e+00	
1426	1.416960e+02	-2.73482e+00	-6.21960e+00	
1427	1.417960e+02	-2.73909e+00	-6.24319e+00	
1428	1.418960e+02	-2.74338e+00	-6.26689e+00	
1429	1.419960e+02	-2.74767e+00	-6.29071e+00	
1430	1.420960e+02	-2.75198e+00	-6.31465e+00	
1431	1.421960e+02	-2.75630e+00	-6.33871e+00	
1432	1.422960e+02	-2.76062e+00	-6.36289e+00	
1433	1.423960e+02	-2.76496e+00	-6.38718e+00	
1434	1.424960e+02	-2.76931e+00	-6.41160e+00	
1435	1.425960e+02	-2.77367e+00	-6.43614e+00	
1436	1.426960e+02	-2.77804e+00	-6.46081e+00	
1437	1.427960e+02	-2.78242e+00	-6.48559e+00	
1438	1.428960e+02	-2.78681e+00	-6.51050e+00	
1439	1.429960e+02	-2.79121e+00	-6.53554e+00	
1440	1.430960e+02	-2.79562e+00	-6.56070e+00	
1441	1.431960e+02	-2.80004e+00	-6.58599e+00	
1442	1.432960e+02	-2.80447e+00	-6.61140e+00	
1443	1.433960e+02	-2.80892e+00	-6.63694e+00	
1444	1.434960e+02	-2.81337e+00	-6.66261e+00	
1445	1.435960e+02	-2.81784e+00	-6.68841e+00	
1446	1.436960e+02	-2.82231e+00	-6.71434e+00	

Index   time            v(v_node)       v(w_node)       
--------------------------------------------------------------------------------
1447	1.437960e+02	-2.82680e+00	-6.74040e+00	
1448	1.438960e+02	-2.83130e+00	-6.76659e+00	
1449	1.439960e+02	-2.83580e+00	-6.79291e+00	
1450	1.440960e+02	-2.84032e+00	-6.81936e+00	
1451	1.441960e+02	-2.84485e+00	-6.84595e+00	
1452	1.442960e+02	-2.84939e+00	-6.87267e+00	
1453	1.443960e+02	-2.85394e+00	-6.89953e+00	
1454	1.444960e+02	-2.85850e+00	-6.92653e+00	
1455	1.445960e+02	-2.86308e+00	-6.95366e+00	
1456	1.446960e+02	-2.86766e+00	-6.98092e+00	
1457	1.447960e+02	-2.87226e+00	-7.00833e+00	
1458	1.448960e+02	-2.87686e+00	-7.03587e+00	
1459	1.449960e+02	-2.88148e+00	-7.06356e+00	
1460	1.450960e+02	-2.88611e+00	-7.09138e+00	
1461	1.451960e+02	-2.89075e+00	-7.11935e+00	
1462	1.452960e+02	-2.89540e+00	-7.14746e+00	
1463	1.453960e+02	-2.90006e+00	-7.17571e+00	
1464	1.454960e+02	-2.90473e+00	-7.20411e+00	
1465	1.455960e+02	-2.90942e+00	-7.23265e+00	
1466	1.456960e+02	-2.91411e+00	-7.26134e+00	
1467	1.457960e+02	-2.91882e+00	-7.29017e+00	
1468	1.458960e+02	-2.92354e+00	-7.31915e+00	
1469	1.459960e+02	-2.92827e+00	-7.34828e+00	
1470	1.460960e+02	-2.93301e+00	-7.37756e+00	
1471	1.461960e+02	-2.93776e+00	-7.40698e+00	
1472	1.462960e+02	-2.94253e+00	-7.43656e+00	
1473	1.463960e+02	-2.94730e+00	-7.46629e+00	
1474	1.464960e+02	-2.95209e+00	-7.49617e+00	
1475	1.465960e+02	-2.95689e+00	-7.52621e+00	
1476	1.466960e+02	-2.96170e+00	-7.55640e+00	
1477	1.467960e+02	-2.96652e+00	-7.58674e+00	
1478	1.468960e+02	-2.97135e+00	-7.61725e+00	
1479	1.469960e+02	-2.97619e+00	-7.64790e+00	
1480	1.470960e+02	-2.98105e+00	-7.67872e+00	
1481	1.471960e+02	-2.98592e+00	-7.70970e+00	
1482	1.472960e+02	-2.99080e+00	-7.74083e+00	
1483	1.473960e+02	-2.99569e+00	-7.77213e+00	
1484	1.474960e+02	-3.00059e+00	-7.80358e+00	
1485	1.475960e+02	-3.00551e+00	-7.83520e+00	
1486	1.476960e+02	-3.01043e+00	-7.86699e+00	
1487	1.477960e+02	-3.01537e+00	-7.89893e+00	
1488	1.478960e+02	-3.02032e+00	-7.93105e+00	
1489	1.479960e+02	-3.02529e+00	-7.96333e+00	
1490	1.480960e+02	-3.03026e+00	-7.99577e+00	
1491	1.481960e+02	-3.03525e+00	-8.02839e+00	
1492	1.482960e+02	-3.04024e+00	-8.06117e+00	
1493	1.483960e+02	-3.04525e+00	-8.09413e+00	
1494	1.484960e+02	-3.05028e+00	-8.12725e+00	
1495	1.485960e+02	-3.05531e+00	-8.16055e+00	
1496	1.486960e+02	-3.06036e+00	-8.19403e+00	
1497	1.487960e+02	-3.06542e+00	-8.22767e+00	
1498	1.488960e+02	-3.07049e+00	-8.26149e+00	
1499	1.489960e+02	-3.07557e+00	-8.29549e+00	
1500	1.490960e+02	-3.08066e+00	-8.32967e+00	
1501	1.491960e+02	-3.08577e+00	-8.36402e+00	
1502	1.492960e+02	-3.09089e+00	-8.39855e+00	
1503	1.493960e+02	-3.09602e+00	-8.43327e+00	
1504	1.494960e+02	-3.10117e+00	-8.46816e+00	

Index   time            v(v_node)       v(w_node)       
--------------------------------------------------------------------------------
1505	1.495960e+02	-3.10632e+00	-8.50324e+00	
1506	1.496960e+02	-3.11149e+00	-8.53851e+00	
1507	1.497960e+02	-3.11667e+00	-8.57395e+00	
1508	1.498960e+02	-3.12187e+00	-8.60959e+00	
1509	1.499960e+02	-3.12707e+00	-8.64541e+00	
1510	1.500960e+02	-3.13229e+00	-8.68141e+00	
1511	1.501960e+02	-3.13752e+00	-8.71761e+00	
1512	1.502960e+02	-3.14277e+00	-8.75400e+00	
1513	1.503960e+02	-3.14803e+00	-8.79058e+00	
1514	1.504960e+02	-3.15329e+00	-8.82735e+00	
1515	1.505960e+02	-3.15858e+00	-8.86432e+00	
1516	1.506960e+02	-3.16387e+00	-8.90148e+00	
1517	1.507960e+02	-3.16918e+00	-8.93883e+00	
1518	1.508960e+02	-3.17450e+00	-8.97639e+00	
1519	1.509960e+02	-3.17983e+00	-9.01414e+00	
1520	1.510960e+02	-3.18518e+00	-9.05209e+00	
1521	1.511960e+02	-3.19053e+00	-9.09025e+00	
1522	1.512960e+02	-3.19591e+00	-9.12860e+00	
1523	1.513960e+02	-3.20129e+00	-9.16716e+00	
1524	1.514960e+02	-3.20669e+00	-9.20592e+00	
1525	1.515960e+02	-3.21210e+00	-9.24489e+00	
1526	1.516960e+02	-3.21752e+00	-9.28406e+00	
1527	1.517960e+02	-3.22295e+00	-9.32344e+00	
1528	1.518960e+02	-3.22840e+00	-9.36304e+00	
1529	1.519960e+02	-3.23387e+00	-9.40284e+00	
1530	1.520960e+02	-3.23934e+00	-9.44285e+00	
1531	1.521960e+02	-3.24483e+00	-9.48308e+00	
1532	1.522960e+02	-3.25033e+00	-9.52352e+00	
1533	1.523960e+02	-3.25584e+00	-9.56417e+00	
1534	1.524960e+02	-3.26137e+00	-9.60505e+00	
1535	1.525960e+02	-3.26691e+00	-9.64614e+00	
1536	1.526960e+02	-3.27247e+00	-9.68745e+00	
1537	1.527960e+02	-3.27804e+00	-9.72898e+00	
1538	1.528960e+02	-3.28362e+00	-9.77073e+00	
1539	1.529960e+02	-3.28921e+00	-9.81270e+00	
1540	1.530960e+02	-3.29482e+00	-9.85490e+00	
1541	1.531960e+02	-3.30044e+00	-9.89733e+00	
1542	1.532960e+02	-3.30607e+00	-9.93998e+00	
1543	1.533960e+02	-3.31172e+00	-9.98287e+00	
1544	1.534960e+02	-3.31738e+00	-1.00260e+01	
1545	1.535960e+02	-3.32306e+00	-1.00693e+01	
1546	1.536960e+02	-3.32875e+00	-1.01129e+01	
1547	1.537960e+02	-3.33445e+00	-1.01567e+01	
1548	1.538960e+02	-3.34017e+00	-1.02008e+01	
1549	1.539960e+02	-3.34590e+00	-1.02450e+01	
1550	1.540960e+02	-3.35164e+00	-1.02896e+01	
1551	1.541960e+02	-3.35740e+00	-1.03343e+01	
1552	1.542960e+02	-3.36317e+00	-1.03793e+01	
1553	1.543960e+02	-3.36895e+00	-1.04246e+01	
1554	1.544960e+02	-3.37475e+00	-1.04700e+01	
1555	1.545960e+02	-3.38056e+00	-1.05158e+01	
1556	1.546960e+02	-3.38639e+00	-1.05618e+01	
1557	1.547960e+02	-3.39223e+00	-1.06080e+01	
1558	1.548960e+02	-3.39808e+00	-1.06545e+01	
1559	1.549960e+02	-3.40395e+00	-1.07012e+01	
1560	1.550960e+02	-3.40983e+00	-1.07482e+01	
1561	1.551960e+02	-3.41573e+00	-1.07954e+01	
1562	1.552960e+02	-3.42164e+00	-1.08429e+01	

Index   time            v(v_node)       v(w_node)       
--------------------------------------------------------------------------------
1563	1.553960e+02	-3.42756e+00	-1.08907e+01	
1564	1.554960e+02	-3.43350e+00	-1.09387e+01	
1565	1.555960e+02	-3.43946e+00	-1.09869e+01	
1566	1.556960e+02	-3.44542e+00	-1.10355e+01	
1567	1.557960e+02	-3.45140e+00	-1.10843e+01	
1568	1.558960e+02	-3.45740e+00	-1.11333e+01	
1569	1.559960e+02	-3.46341e+00	-1.11827e+01	
1570	1.560960e+02	-3.46943e+00	-1.12323e+01	
1571	1.561960e+02	-3.47547e+00	-1.12821e+01	
1572	1.562960e+02	-3.48153e+00	-1.13323e+01	
1573	1.563960e+02	-3.48759e+00	-1.13827e+01	
1574	1.564960e+02	-3.49367e+00	-1.14334e+01	
1575	1.565960e+02	-3.49977e+00	-1.14843e+01	
1576	1.566960e+02	-3.50588e+00	-1.15356e+01	
1577	1.567960e+02	-3.51201e+00	-1.15871e+01	
1578	1.568960e+02	-3.51815e+00	-1.16389e+01	
1579	1.569960e+02	-3.52430e+00	-1.16910e+01	
1580	1.570960e+02	-3.53047e+00	-1.17433e+01	
1581	1.571960e+02	-3.53666e+00	-1.17960e+01	
1582	1.572960e+02	-3.54286e+00	-1.18489e+01	
1583	1.573960e+02	-3.54907e+00	-1.19022e+01	
1584	1.574960e+02	-3.55530e+00	-1.19557e+01	
1585	1.575960e+02	-3.56154e+00	-1.20095e+01	
1586	1.576960e+02	-3.56780e+00	-1.20636e+01	
1587	1.577960e+02	-3.57407e+00	-1.21181e+01	
1588	1.578960e+02	-3.58036e+00	-1.21728e+01	
1589	1.579960e+02	-3.58666e+00	-1.22278e+01	
1590	1.580960e+02	-3.59298e+00	-1.22831e+01	
1591	1.581960e+02	-3.59931e+00	-1.23387e+01	
1592	1.582960e+02	-3.60566e+00	-1.23947e+01	
1593	1.583960e+02	-3.61203e+00	-1.24509e+01	
1594	1.584960e+02	-3.61840e+00	-1.25074e+01	
1595	1.585960e+02	-3.62480e+00	-1.25643e+01	
1596	1.586960e+02	-3.63121e+00	-1.26215e+01	
1597	1.587960e+02	-3.63763e+00	-1.26789e+01	
1598	1.588960e+02	-3.64407e+00	-1.27367e+01	
1599	1.589960e+02	-3.65052e+00	-1.27949e+01	
1600	1.590960e+02	-3.65699e+00	-1.28533e+01	
1601	1.591960e+02	-3.66348e+00	-1.29121e+01	
1602	1.592960e+02	-3.66998e+00	-1.29712e+01	
1603	1.593960e+02	-3.67650e+00	-1.30306e+01	
1604	1.594960e+02	-3.68303e+00	-1.30903e+01	
1605	1.595960e+02	-3.68957e+00	-1.31504e+01	
1606	1.596960e+02	-3.69614e+00	-1.32108e+01	
1607	1.597960e+02	-3.70272e+00	-1.32716e+01	
1608	1.598960e+02	-3.70931e+00	-1.33327e+01	
1609	1.599960e+02	-3.71592e+00	-1.33941e+01	
1610	1.600960e+02	-3.72254e+00	-1.34559e+01	
1611	1.601960e+02	-3.72919e+00	-1.35180e+01	
1612	1.602960e+02	-3.73584e+00	-1.35804e+01	
1613	1.603960e+02	-3.74251e+00	-1.36432e+01	
1614	1.604960e+02	-3.74920e+00	-1.37064e+01	
1615	1.605960e+02	-3.75591e+00	-1.37699e+01	
1616	1.606960e+02	-3.76263e+00	-1.38337e+01	
1617	1.607960e+02	-3.76936e+00	-1.38980e+01	
1618	1.608960e+02	-3.77611e+00	-1.39625e+01	
1619	1.609960e+02	-3.78288e+00	-1.40275e+01	
1620	1.610960e+02	-3.78967e+00	-1.40928e+01	

Index   time            v(v_node)       v(w_node)       
--------------------------------------------------------------------------------
1621	1.611960e+02	-3.79647e+00	-1.41584e+01	
1622	1.612960e+02	-3.80328e+00	-1.42244e+01	
1623	1.613960e+02	-3.81012e+00	-1.42908e+01	
1624	1.614960e+02	-3.81696e+00	-1.43576e+01	
1625	1.615960e+02	-3.82383e+00	-1.44247e+01	
1626	1.616960e+02	-3.83071e+00	-1.44923e+01	
1627	1.617960e+02	-3.83761e+00	-1.45602e+01	
1628	1.618960e+02	-3.84452e+00	-1.46284e+01	
1629	1.619960e+02	-3.85145e+00	-1.46971e+01	
1630	1.620960e+02	-3.85840e+00	-1.47661e+01	
1631	1.621960e+02	-3.86536e+00	-1.48356e+01	
1632	1.622960e+02	-3.87234e+00	-1.49054e+01	
1633	1.623960e+02	-3.87933e+00	-1.49756e+01	
1634	1.624960e+02	-3.88635e+00	-1.50462e+01	
1635	1.625960e+02	-3.89338e+00	-1.51172e+01	
1636	1.626960e+02	-3.90042e+00	-1.51886e+01	
1637	1.627960e+02	-3.90748e+00	-1.52604e+01	
1638	1.628960e+02	-3.91456e+00	-1.53326e+01	
1639	1.629960e+02	-3.92166e+00	-1.54052e+01	
1640	1.630960e+02	-3.92877e+00	-1.54783e+01	
1641	1.631960e+02	-3.93590e+00	-1.55517e+01	
1642	1.632960e+02	-3.94304e+00	-1.56255e+01	
1643	1.633960e+02	-3.95021e+00	-1.56998e+01	
1644	1.634960e+02	-3.95739e+00	-1.57745e+01	
1645	1.635960e+02	-3.96458e+00	-1.58496e+01	
1646	1.636960e+02	-3.97180e+00	-1.59251e+01	
1647	1.637960e+02	-3.97903e+00	-1.60011e+01	
1648	1.638960e+02	-3.98627e+00	-1.60775e+01	
1649	1.639960e+02	-3.99354e+00	-1.61543e+01	
1650	1.640960e+02	-4.00082e+00	-1.62316e+01	
1651	1.641960e+02	-4.00812e+00	-1.63093e+01	
1652	1.642960e+02	-4.01544e+00	-1.63874e+01	
1653	1.643960e+02	-4.02277e+00	-1.64660e+01	
1654	1.644960e+02	-4.03012e+00	-1.65450e+01	
1655	1.645960e+02	-4.03749e+00	-1.66245e+01	
1656	1.646960e+02	-4.04487e+00	-1.67044e+01	
1657	1.647960e+02	-4.05228e+00	-1.67848e+01	
1658	1.648960e+02	-4.05970e+00	-1.68656e+01	
1659	1.649960e+02	-4.06713e+00	-1.69469e+01	
1660	1.650960e+02	-4.07459e+00	-1.70287e+01	
1661	1.651960e+02	-4.08206e+00	-1.71109e+01	
1662	1.652960e+02	-4.08955e+00	-1.71936e+01	
1663	1.653960e+02	-4.09706e+00	-1.72767e+01	
1664	1.654960e+02	-4.10458e+00	-1.73604e+01	
1665	1.655960e+02	-4.11213e+00	-1.74445e+01	
1666	1.656960e+02	-4.11969e+00	-1.75291e+01	
1667	1.657960e+02	-4.12727e+00	-1.76141e+01	
1668	1.658960e+02	-4.13486e+00	-1.76997e+01	
1669	1.659960e+02	-4.14248e+00	-1.77857e+01	
1670	1.660960e+02	-4.15011e+00	-1.78723e+01	
1671	1.661960e+02	-4.15776e+00	-1.79593e+01	
1672	1.662960e+02	-4.16543e+00	-1.80468e+01	
1673	1.663960e+02	-4.17311e+00	-1.81348e+01	
1674	1.664960e+02	-4.18082e+00	-1.82234e+01	
1675	1.665960e+02	-4.18854e+00	-1.83124e+01	
1676	1.666960e+02	-4.19628e+00	-1.84020e+01	
1677	1.667960e+02	-4.20404e+00	-1.84920e+01	
1678	1.668960e+02	-4.21182e+00	-1.85826e+01	

Index   time            v(v_node)       v(w_node)       
--------------------------------------------------------------------------------
1679	1.669960e+02	-4.21961e+00	-1.86737e+01	
1680	1.670960e+02	-4.22742e+00	-1.87653e+01	
1681	1.671960e+02	-4.23526e+00	-1.88575e+01	
1682	1.672960e+02	-4.24310e+00	-1.89501e+01	
1683	1.673960e+02	-4.25097e+00	-1.90433e+01	
1684	1.674960e+02	-4.25886e+00	-1.91371e+01	
1685	1.675960e+02	-4.26676e+00	-1.92313e+01	
1686	1.676960e+02	-4.27469e+00	-1.93262e+01	
1687	1.677960e+02	-4.28263e+00	-1.94215e+01	
1688	1.678960e+02	-4.29059e+00	-1.95174e+01	
1689	1.679960e+02	-4.29857e+00	-1.96139e+01	
1690	1.680960e+02	-4.30657e+00	-1.97109e+01	
1691	1.681960e+02	-4.31459e+00	-1.98085e+01	
1692	1.682960e+02	-4.32262e+00	-1.99066e+01	
1693	1.683960e+02	-4.33067e+00	-2.00053e+01	
1694	1.684960e+02	-4.33875e+00	-2.01046e+01	
1695	1.685960e+02	-4.34684e+00	-2.02045e+01	
1696	1.686960e+02	-4.35495e+00	-2.03049e+01	
1697	1.687960e+02	-4.36308e+00	-2.04059e+01	
1698	1.688960e+02	-4.37123e+00	-2.05075e+01	
1699	1.689960e+02	-4.37940e+00	-2.06096e+01	
1700	1.690960e+02	-4.38758e+00	-2.07124e+01	
1701	1.691960e+02	-4.39579e+00	-2.08158e+01	
1702	1.692960e+02	-4.40402e+00	-2.09197e+01	
1703	1.693960e+02	-4.41226e+00	-2.10243e+01	
1704	1.694960e+02	-4.42052e+00	-2.11294e+01	
1705	1.695960e+02	-4.42881e+00	-2.12352e+01	
1706	1.696960e+02	-4.43711e+00	-2.13416e+01	
1707	1.697960e+02	-4.44543e+00	-2.14486e+01	
1708	1.698960e+02	-4.45377e+00	-2.15562e+01	
1709	1.699960e+02	-4.46213e+00	-2.16644e+01	
1710	1.700960e+02	-4.47051e+00	-2.17733e+01	
1711	1.701960e+02	-4.47891e+00	-2.18828e+01	
1712	1.702960e+02	-4.48733e+00	-2.19929e+01	
1713	1.703960e+02	-4.49577e+00	-2.21037e+01	
1714	1.704960e+02	-4.50423e+00	-2.22151e+01	
1715	1.705960e+02	-4.51270e+00	-2.23272e+01	
1716	1.706960e+02	-4.52120e+00	-2.24399e+01	
1717	1.707960e+02	-4.52972e+00	-2.25533e+01	
1718	1.708960e+02	-4.53826e+00	-2.26673e+01	
1719	1.709960e+02	-4.54681e+00	-2.27820e+01	
1720	1.710960e+02	-4.55539e+00	-2.28974e+01	
1721	1.711960e+02	-4.56399e+00	-2.30134e+01	
1722	1.712960e+02	-4.57260e+00	-2.31302e+01	
1723	1.713960e+02	-4.58124e+00	-2.32476e+01	
1724	1.714960e+02	-4.58990e+00	-2.33656e+01	
1725	1.715960e+02	-4.59858e+00	-2.34844e+01	
1726	1.716960e+02	-4.60727e+00	-2.36039e+01	
1727	1.717960e+02	-4.61599e+00	-2.37240e+01	
1728	1.718960e+02	-4.62473e+00	-2.38449e+01	
1729	1.719960e+02	-4.63349e+00	-2.39664e+01	
1730	1.720960e+02	-4.64226e+00	-2.40887e+01	
1731	1.721960e+02	-4.65106e+00	-2.42117e+01	
1732	1.722960e+02	-4.65988e+00	-2.43354e+01	
1733	1.723960e+02	-4.66872e+00	-2.44598e+01	
1734	1.724960e+02	-4.67758e+00	-2.45850e+01	
1735	1.725960e+02	-4.68646e+00	-2.47109e+01	
1736	1.726960e+02	-4.69536e+00	-2.48375e+01	

Index   time            v(v_node)       v(w_node)       
--------------------------------------------------------------------------------
1737	1.727960e+02	-4.70429e+00	-2.49649e+01	
1738	1.728960e+02	-4.71323e+00	-2.50930e+01	
1739	1.729960e+02	-4.72219e+00	-2.52219e+01	
1740	1.730960e+02	-4.73118e+00	-2.53515e+01	
1741	1.731960e+02	-4.74018e+00	-2.54819e+01	
1742	1.732960e+02	-4.74921e+00	-2.56130e+01	
1743	1.733960e+02	-4.75825e+00	-2.57449e+01	
1744	1.734960e+02	-4.76732e+00	-2.58776e+01	
1745	1.735960e+02	-4.77641e+00	-2.60111e+01	
1746	1.736960e+02	-4.78552e+00	-2.61453e+01	
1747	1.737960e+02	-4.79465e+00	-2.62804e+01	
1748	1.738960e+02	-4.80380e+00	-2.64162e+01	
1749	1.739960e+02	-4.81298e+00	-2.65528e+01	
1750	1.740960e+02	-4.82217e+00	-2.66903e+01	
1751	1.741960e+02	-4.83138e+00	-2.68285e+01	
1752	1.742960e+02	-4.84062e+00	-2.69676e+01	
1753	1.743960e+02	-4.84988e+00	-2.71075e+01	
1754	1.744960e+02	-4.85916e+00	-2.72482e+01	
1755	1.745960e+02	-4.86846e+00	-2.73897e+01	
1756	1.746960e+02	-4.87778e+00	-2.75321e+01	
1757	1.747960e+02	-4.88713e+00	-2.76753e+01	
1758	1.748960e+02	-4.89649e+00	-2.78193e+01	
1759	1.749960e+02	-4.90588e+00	-2.79642e+01	
1760	1.750960e+02	-4.91529e+00	-2.81100e+01	
1761	1.751960e+02	-4.92472e+00	-2.82566e+01	
1762	1.752960e+02	-4.93417e+00	-2.84041e+01	
1763	1.753960e+02	-4.94364e+00	-2.85524e+01	
1764	1.754960e+02	-4.95314e+00	-2.87016e+01	
1765	1.755960e+02	-4.96266e+00	-2.88517e+01	
1766	1.756960e+02	-4.97220e+00	-2.90027e+01	
1767	1.757960e+02	-4.98176e+00	-2.91546e+01	
1768	1.758960e+02	-4.99134e+00	-2.93074e+01	
1769	1.759960e+02	-5.00095e+00	-2.94611e+01	
1770	1.760960e+02	-5.01058e+00	-2.96157e+01	
1771	1.761960e+02	-5.02023e+00	-2.97712e+01	
1772	1.762960e+02	-5.02990e+00	-2.99276e+01	
1773	1.763960e+02	-5.03959e+00	-3.00850e+01	
1774	1.764960e+02	-5.04931e+00	-3.02433e+01	
1775	1.765960e+02	-5.05905e+00	-3.04025e+01	
1776	1.766960e+02	-5.06881e+00	-3.05627e+01	
1777	1.767960e+02	-5.07860e+00	-3.07238e+01	
1778	1.768960e+02	-5.08840e+00	-3.08859e+01	
1779	1.769960e+02	-5.09823e+00	-3.10490e+01	
1780	1.770960e+02	-5.10808e+00	-3.12130e+01	
1781	1.771960e+02	-5.11796e+00	-3.13780e+01	
1782	1.772960e+02	-5.12786e+00	-3.15439e+01	
1783	1.773960e+02	-5.13777e+00	-3.17109e+01	
1784	1.774960e+02	-5.14772e+00	-3.18788e+01	
1785	1.775960e+02	-5.15768e+00	-3.20478e+01	
1786	1.776960e+02	-5.16767e+00	-3.22177e+01	
1787	1.777960e+02	-5.17768e+00	-3.23887e+01	
1788	1.778960e+02	-5.18772e+00	-3.25607e+01	
1789	1.779960e+02	-5.19777e+00	-3.27337e+01	
1790	1.780960e+02	-5.20785e+00	-3.29077e+01	
1791	1.781960e+02	-5.21796e+00	-3.30828e+01	
1792	1.782960e+02	-5.22808e+00	-3.32589e+01	
1793	1.783960e+02	-5.23823e+00	-3.34360e+01	
1794	1.784960e+02	-5.24841e+00	-3.36142e+01	

Index   time            v(v_node)       v(w_node)       
--------------------------------------------------------------------------------
1795	1.785960e+02	-5.25860e+00	-3.37935e+01	
1796	1.786960e+02	-5.26882e+00	-3.39739e+01	
1797	1.787960e+02	-5.27907e+00	-3.41553e+01	
1798	1.788960e+02	-5.28933e+00	-3.43378e+01	
1799	1.789960e+02	-5.29962e+00	-3.45214e+01	
1800	1.790960e+02	-5.30994e+00	-3.47061e+01	
1801	1.791960e+02	-5.32028e+00	-3.48919e+01	
1802	1.792960e+02	-5.33064e+00	-3.50788e+01	
1803	1.793960e+02	-5.34102e+00	-3.52668e+01	
1804	1.794960e+02	-5.35143e+00	-3.54559e+01	
1805	1.795960e+02	-5.36186e+00	-3.56462e+01	
1806	1.796960e+02	-5.37232e+00	-3.58376e+01	
1807	1.797960e+02	-5.38280e+00	-3.60302e+01	
1808	1.798960e+02	-5.39330e+00	-3.62239e+01	
1809	1.799960e+02	-5.40383e+00	-3.64187e+01	
1810	1.800960e+02	-5.41438e+00	-3.66148e+01	
1811	1.801960e+02	-5.42496e+00	-3.68120e+01	
1812	1.802960e+02	-5.43556e+00	-3.70104e+01	
1813	1.803960e+02	-5.44618e+00	-3.72100e+01	
1814	1.804960e+02	-5.45683e+00	-3.74107e+01	
1815	1.805960e+02	-5.46751e+00	-3.76127e+01	
1816	1.806960e+02	-5.47820e+00	-3.78159e+01	
1817	1.807960e+02	-5.48893e+00	-3.80203e+01	
1818	1.808960e+02	-5.49967e+00	-3.82259e+01	
1819	1.809960e+02	-5.51044e+00	-3.84328e+01	
1820	1.810960e+02	-5.52124e+00	-3.86409e+01	
1821	1.811960e+02	-5.53206e+00	-3.88503e+01	
1822	1.812960e+02	-5.54290e+00	-3.90609e+01	
1823	1.813960e+02	-5.55377e+00	-3.92728e+01	
1824	1.814960e+02	-5.56467e+00	-3.94859e+01	
1825	1.815960e+02	-5.57559e+00	-3.97004e+01	
1826	1.816960e+02	-5.58653e+00	-3.99161e+01	
1827	1.817960e+02	-5.59750e+00	-4.01331e+01	
1828	1.818960e+02	-5.60849e+00	-4.03514e+01	
1829	1.819960e+02	-5.61951e+00	-4.05711e+01	
1830	1.820960e+02	-5.63056e+00	-4.07920e+01	
1831	1.821960e+02	-5.64163e+00	-4.10143e+01	
1832	1.822960e+02	-5.65272e+00	-4.12380e+01	
1833	1.823960e+02	-5.66384e+00	-4.14629e+01	
1834	1.824960e+02	-5.67499e+00	-4.16893e+01	
1835	1.825960e+02	-5.68616e+00	-4.19170e+01	
1836	1.826960e+02	-5.69735e+00	-4.21460e+01	
1837	1.827960e+02	-5.70857e+00	-4.23765e+01	
1838	1.828960e+02	-5.71982e+00	-4.26083e+01	
1839	1.829960e+02	-5.73109e+00	-4.28415e+01	
1840	1.830960e+02	-5.74239e+00	-4.30762e+01	
1841	1.831960e+02	-5.75371e+00	-4.33122e+01	
1842	1.832960e+02	-5.76506e+00	-4.35497e+01	
1843	1.833960e+02	-5.77644e+00	-4.37886e+01	
1844	1.834960e+02	-5.78784e+00	-4.40290e+01	
1845	1.835960e+02	-5.79927e+00	-4.42708e+01	
1846	1.836960e+02	-5.81072e+00	-4.45141e+01	
1847	1.837960e+02	-5.82220e+00	-4.47588e+01	
1848	1.838960e+02	-5.83370e+00	-4.50051e+01	
1849	1.839960e+02	-5.84523e+00	-4.52528e+01	
1850	1.840960e+02	-5.85679e+00	-4.55020e+01	
1851	1.841960e+02	-5.86837e+00	-4.57527e+01	
1852	1.842960e+02	-5.87998e+00	-4.60049e+01	

Index   time            v(v_node)       v(w_node)       
--------------------------------------------------------------------------------
1853	1.843960e+02	-5.89162e+00	-4.62587e+01	
1854	1.844960e+02	-5.90328e+00	-4.65140e+01	
1855	1.845960e+02	-5.91497e+00	-4.67708e+01	
1856	1.846960e+02	-5.92669e+00	-4.70292e+01	
1857	1.847960e+02	-5.93843e+00	-4.72892e+01	
1858	1.848960e+02	-5.95020e+00	-4.75507e+01	
1859	1.849960e+02	-5.96199e+00	-4.78138e+01	
1860	1.850960e+02	-5.97381e+00	-4.80785e+01	
1861	1.851960e+02	-5.98566e+00	-4.83448e+01	
1862	1.852960e+02	-5.99754e+00	-4.86128e+01	
1863	1.853960e+02	-6.00944e+00	-4.88823e+01	
1864	1.854960e+02	-6.02137e+00	-4.91535e+01	
1865	1.855960e+02	-6.03333e+00	-4.94263e+01	
1866	1.856960e+02	-6.04531e+00	-4.97008e+01	
1867	1.857960e+02	-6.05732e+00	-4.99770e+01	
1868	1.858960e+02	-6.06936e+00	-5.02548e+01	
1869	1.859960e+02	-6.08142e+00	-5.05344e+01	
1870	1.860960e+02	-6.09351e+00	-5.08156e+01	
1871	1.861960e+02	-6.10563e+00	-5.10985e+01	
1872	1.862960e+02	-6.11778e+00	-5.13832e+01	
1873	1.863960e+02	-6.12995e+00	-5.16695e+01	
1874	1.864960e+02	-6.14216e+00	-5.19576e+01	
1875	1.865960e+02	-6.15438e+00	-5.22475e+01	
1876	1.866960e+02	-6.16664e+00	-5.25392e+01	
1877	1.867960e+02	-6.17893e+00	-5.28326e+01	
1878	1.868960e+02	-6.19124e+00	-5.31278e+01	
1879	1.869960e+02	-6.20358e+00	-5.34247e+01	
1880	1.870960e+02	-6.21595e+00	-5.37235e+01	
1881	1.871960e+02	-6.22834e+00	-5.40242e+01	
1882	1.872960e+02	-6.24077e+00	-5.43266e+01	
1883	1.873960e+02	-6.25322e+00	-5.46309e+01	
1884	1.874960e+02	-6.26570e+00	-5.49370e+01	
1885	1.875960e+02	-6.27821e+00	-5.52450e+01	
1886	1.876960e+02	-6.29074e+00	-5.55549e+01	
1887	1.877960e+02	-6.30331e+00	-5.58667e+01	
1888	1.878960e+02	-6.31590e+00	-5.61804e+01	
1889	1.879960e+02	-6.32852e+00	-5.64960e+01	
1890	1.880960e+02	-6.34117e+00	-5.68135e+01	
1891	1.881960e+02	-6.35385e+00	-5.71329e+01	
1892	1.882960e+02	-6.36656e+00	-5.74543e+01	
1893	1.883960e+02	-6.37929e+00	-5.77777e+01	
1894	1.884960e+02	-6.39205e+00	-5.81030e+01	
1895	1.885960e+02	-6.40485e+00	-5.84303e+01	
1896	1.886960e+02	-6.41767e+00	-5.87596e+01	
1897	1.887960e+02	-6.43052e+00	-5.90910e+01	
1898	1.888960e+02	-6.44340e+00	-5.94243e+01	
1899	1.889960e+02	-6.45631e+00	-5.97597e+01	
1900	1.890960e+02	-6.46924e+00	-6.00971e+01	
1901	1.891960e+02	-6.48221e+00	-6.04367e+01	
1902	1.892960e+02	-6.49521e+00	-6.07782e+01	
1903	1.893960e+02	-6.50823e+00	-6.11219e+01	
1904	1.894960e+02	-6.52129e+00	-6.14677e+01	
1905	1.895960e+02	-6.53437e+00	-6.18155e+01	
1906	1.896960e+02	-6.54748e+00	-6.21656e+01	
1907	1.897960e+02	-6.56062e+00	-6.25177e+01	
1908	1.898960e+02	-6.57380e+00	-6.28720e+01	
1909	1.899960e+02	-6.58700e+00	-6.32285e+01	
1910	1.900960e+02	-6.60023e+00	-6.35872e+01	

Index   time            v(v_node)       v(w_node)       
--------------------------------------------------------------------------------
1911	1.901960e+02	-6.61349e+00	-6.39480e+01	
1912	1.902960e+02	-6.62678e+00	-6.43111e+01	
1913	1.903960e+02	-6.64010e+00	-6.46764e+01	
1914	1.904960e+02	-6.65345e+00	-6.50439e+01	
1915	1.905960e+02	-6.66683e+00	-6.54137e+01	
1916	1.906960e+02	-6.68024e+00	-6.57857e+01	
1917	1.907960e+02	-6.69368e+00	-6.61601e+01	
1918	1.908960e+02	-6.70715e+00	-6.65367e+01	
1919	1.909960e+02	-6.72065e+00	-6.69156e+01	
1920	1.910960e+02	-6.73418e+00	-6.72969e+01	
1921	1.911960e+02	-6.74774e+00	-6.76805e+01	
1922	1.912960e+02	-6.76134e+00	-6.80665e+01	
1923	1.913960e+02	-6.77496e+00	-6.84548e+01	
1924	1.914960e+02	-6.78861e+00	-6.88455e+01	
1925	1.915960e+02	-6.80229e+00	-6.92386e+01	
1926	1.916960e+02	-6.81601e+00	-6.96341e+01	
1927	1.917960e+02	-6.82975e+00	-7.00321e+01	
1928	1.918960e+02	-6.84353e+00	-7.04324e+01	
1929	1.919960e+02	-6.85733e+00	-7.08353e+01	
1930	1.920960e+02	-6.87117e+00	-7.12406e+01	
1931	1.921960e+02	-6.88504e+00	-7.16485e+01	
1932	1.922960e+02	-6.89894e+00	-7.20588e+01	
1933	1.923960e+02	-6.91287e+00	-7.24716e+01	
1934	1.924960e+02	-6.92683e+00	-7.28870e+01	
1935	1.925960e+02	-6.94082e+00	-7.33050e+01	
1936	1.926960e+02	-6.95485e+00	-7.37255e+01	
1937	1.927960e+02	-6.96890e+00	-7.41486e+01	
1938	1.928960e+02	-6.98299e+00	-7.45743e+01	
1939	1.929960e+02	-6.99711e+00	-7.50026e+01	
1940	1.930960e+02	-7.01126e+00	-7.54336e+01	
1941	1.931960e+02	-7.02544e+00	-7.58672e+01	
1942	1.932960e+02	-7.03965e+00	-7.63035e+01	
1943	1.933960e+02	-7.05390e+00	-7.67424e+01	
1944	1.934960e+02	-7.06817e+00	-7.71841e+01	
1945	1.935960e+02	-7.08248e+00	-7.76285e+01	
1946	1.936960e+02	-7.09682e+00	-7.80757e+01	
1947	1.937960e+02	-7.11120e+00	-7.85255e+01	
1948	1.938960e+02	-7.12560e+00	-7.89782e+01	
1949	1.939960e+02	-7.14004e+00	-7.94337e+01	
1950	1.940960e+02	-7.15451e+00	-7.98919e+01	
1951	1.941960e+02	-7.16901e+00	-8.03530e+01	
1952	1.942960e+02	-7.18354e+00	-8.08170e+01	
1953	1.943960e+02	-7.19811e+00	-8.12838e+01	
1954	1.944960e+02	-7.21271e+00	-8.17534e+01	
1955	1.945960e+02	-7.22734e+00	-8.22260e+01	
1956	1.946960e+02	-7.24200e+00	-8.27015e+01	
1957	1.947960e+02	-7.25670e+00	-8.31799e+01	
1958	1.948960e+02	-7.27143e+00	-8.36613e+01	
1959	1.949960e+02	-7.28619e+00	-8.41456e+01	
1960	1.950960e+02	-7.30098e+00	-8.46330e+01	
1961	1.951960e+02	-7.31581e+00	-8.51233e+01	
1962	1.952960e+02	-7.33067e+00	-8.56167e+01	
1963	1.953960e+02	-7.34557e+00	-8.61132e+01	
1964	1.954960e+02	-7.36049e+00	-8.66127e+01	
1965	1.955960e+02	-7.37545e+00	-8.71152e+01	
1966	1.956960e+02	-7.39045e+00	-8.76209e+01	
1967	1.957960e+02	-7.40548e+00	-8.81298e+01	
1968	1.958960e+02	-7.42054e+00	-8.86417e+01	

Index   time            v(v_node)       v(w_node)       
--------------------------------------------------------------------------------
1969	1.959960e+02	-7.43563e+00	-8.91568e+01	
1970	1.960960e+02	-7.45076e+00	-8.96752e+01	
1971	1.961960e+02	-7.46592e+00	-9.01967e+01	
1972	1.962960e+02	-7.48112e+00	-9.07214e+01	
1973	1.963960e+02	-7.49634e+00	-9.12494e+01	
1974	1.964960e+02	-7.51161e+00	-9.17807e+01	
1975	1.965960e+02	-7.52690e+00	-9.23153e+01	
1976	1.966960e+02	-7.54223e+00	-9.28531e+01	
1977	1.967960e+02	-7.55760e+00	-9.33943e+01	
1978	1.968960e+02	-7.57300e+00	-9.39389e+01	
1979	1.969960e+02	-7.58843e+00	-9.44868e+01	
1980	1.970960e+02	-7.60390e+00	-9.50381e+01	
1981	1.971960e+02	-7.61940e+00	-9.55928e+01	
1982	1.972960e+02	-7.63494e+00	-9.61510e+01	
1983	1.973960e+02	-7.65051e+00	-9.67126e+01	
1984	1.974960e+02	-7.66611e+00	-9.72777e+01	
1985	1.975960e+02	-7.68176e+00	-9.78463e+01	
1986	1.976960e+02	-7.69743e+00	-9.84184e+01	
1987	1.977960e+02	-7.71314e+00	-9.89941e+01	
1988	1.978960e+02	-7.72888e+00	-9.95734e+01	
1989	1.979960e+02	-7.74466e+00	-1.00156e+02	
1990	1.980960e+02	-7.76048e+00	-1.00743e+02	
1991	1.981960e+02	-7.77633e+00	-1.01333e+02	
1992	1.982960e+02	-7.79221e+00	-1.01926e+02	
1993	1.983960e+02	-7.80813e+00	-1.02524e+02	
1994	1.984960e+02	-7.82409e+00	-1.03125e+02	
1995	1.985960e+02	-7.84008e+00	-1.03730e+02	
1996	1.986960e+02	-7.85611e+00	-1.04339e+02	
1997	1.987960e+02	-7.87217e+00	-1.04951e+02	
1998	1.988960e+02	-7.88827e+00	-1.05567e+02	
1999	1.989960e+02	-7.90440e+00	-1.06187e+02	
2000	1.990960e+02	-7.92057e+00	-1.06811e+02	
2001	1.991960e+02	-7.93677e+00	-1.07439e+02	
2002	1.992960e+02	-7.95301e+00	-1.08071e+02	
2003	1.993960e+02	-7.96929e+00	-1.08706e+02	
2004	1.994960e+02	-7.98560e+00	-1.09346e+02	
2005	1.995960e+02	-8.00195e+00	-1.09989e+02	
2006	1.996960e+02	-8.01834e+00	-1.10637e+02	
2007	1.997960e+02	-8.03476e+00	-1.11288e+02	
2008	1.998960e+02	-8.05122e+00	-1.11944e+02	
2009	1.999960e+02	-8.06771e+00	-1.12604e+02	
2010	2.000000e+02	-8.06837e+00	-1.12630e+02	
